# callgrind format
version: 1
creator: callgrind-3.24.0
pid: 40906
cmd:  ./zig-out/bin/c-asm-blake3 /home/arne/Downloads/FILE220415101231F.MOV
part: 1


desc: I1 cache: 
desc: D1 cache: 
desc: LL cache: 

desc: Timerange: Basic block 0 - 171094900
desc: Trigger: Program termination

positions: instr line
events: Ir
summary: 0


ob=(2) /usr/lib/libc.so.6
fl=(5) /usr/src/debug/glibc/glibc/string/../sysdeps/x86_64/multiarch/memmove-vec-unaligned-erms.S
fn=(118) __memcpy_avx_unaligned_erms
0x16c600 255 26
+4 +1 26
+3 +6 26
+4 +1 26
+2 +2 25
+4 +1 25
+4 +1 25
+6 +3 13
+6 +1 13
+4 +1 13
+6 +3 13
+3 * 13
+2 +30 1
+3 +1 1
+2 +2 1
+3 +1 1
+72 +55 1
+5 +1 1
+3 +1 1
+3 +1 1
+5 +1 1
+1 +7 12
+6 +1 12
+6 +1 12
+4 +1 12
+5 +1 12
+6 +1 12
+6 +1 12
+3 * 12
+11 +5 12
+7 +1 12
+6 +5 12
+7 +1 12
+2 +2 12
+5 +1 12
+7 +1 12

ob=(1) /home/arne/projects/zig-blake3/zig-out/bin/c-asm-blake3
fl=(6) /home/arne/.cache/zig/p/1220532412d28ae52ddfe22c7a93c636a25401f17cf3149286268d54ed492a093b42/c/blake3_sse41_x86-64_unix.S
fn=(136) 0x0000000001007f80
0x1007f80 1793 27
+3 +1 27
+4 +1 27
+7 +1 27
+4 +1 27
+3 +1 27
+5 +1 27
+5 +1 27
+4 +1 27
+3 +1 27
+4 +1 27
+4 +1 27
+4 +1 27
+5 +1 27
+4 +1 27
+4 +1 27
+4 +1 27
+4 +1 27
+4 +1 27
+5 +1 27
+5 +1 27
+6 +1 27
+8 +1 27
+8 +1 27
+2 +2 27
+4 +1 27
+4 +1 27
+4 +1 27
+6 +1 27
+4 +1 27
+4 +1 27
+5 +1 27
+5 +1 27
+6 +1 27
+5 +1 27
+4 +1 27
+4 +1 27
+4 +1 27
+6 +1 27
+4 +1 27
+4 +1 27
+5 +1 27
+5 +1 27
+6 +1 27
+5 +1 27
+5 +1 27
+5 +1 27
+5 +1 27
+4 +1 27
+4 +1 27
+4 +1 27
+6 +1 27
+4 +1 27
+4 +1 27
+5 +1 27
+5 +1 27
+6 +1 27
+5 +1 27
+4 +1 27
+4 +1 27
0x1007fed -35 162
+4 +1 162
+4 +1 162
+4 +1 162
+6 +1 162
+4 +1 162
+4 +1 162
+5 +1 162
+5 +1 162
+6 +1 162
+5 +1 162
+4 +1 162
+4 +1 162
+4 +1 162
+6 +1 162
+4 +1 162
+4 +1 162
+5 +1 162
+5 +1 162
+6 +1 162
+5 +1 162
+5 +1 162
+5 +1 162
+5 +1 162
+4 +1 162
+4 +1 162
+4 +1 162
+6 +1 162
+4 +1 162
+4 +1 162
+5 +1 162
+5 +1 162
+6 +1 162
+5 +1 162
+4 +1 162
+4 +1 162
+4 +1 162
+6 +1 162
+4 +1 162
+4 +1 162
+5 +1 162
+5 +1 162
+6 +1 162
+5 +1 162
+5 +1 162
+5 +1 162
+5 +1 162
+2 +1 162
-52 -11 27
+6 +1 27
+4 +1 27
+4 +1 27
+5 +1 27
+5 +1 27
+6 +1 27
+5 +1 27
+5 +1 27
+5 +1 27
+5 +1 27
+2 +1 27
+2 +1 162
+5 +1 162
+5 +1 162
+6 +1 162
+6 +1 162
+5 +1 162
+5 +1 162
+7 +1 162
+5 +1 162
+5 +1 162
+7 +1 162
+6 +1 162
+4 +1 162
+4 +1 162
+5 +1 162
+5 +1 162
+5 +1 162
+5 +2 27
+4 +1 27
+4 +1 27
+3 +1 27
+4 +1 27

fl=(1) /home/arne/.cache/zig/p/1220532412d28ae52ddfe22c7a93c636a25401f17cf3149286268d54ed492a093b42/c/blake3.c
fn=(2) blake3_compress_subtree_wide
0x100ca20 272 12
+1 * 12
+3 * 12
+2 * 12
+2 * 12
+2 * 12
+2 * 12
+1 * 12
+7 * 12
+3 * 12
+3 * 12
+3 * 12
+3 * 12
fi=(2) /home/arne/.cache/zig/p/1220532412d28ae52ddfe22c7a93c636a25401f17cf3149286268d54ed492a093b42/c/blake3_dispatch.c
+3 118 12
+7 +1 12
+7 * 12
+6 -49 1
+2 * 1
+2 * 1
+2 * 1
+5 * 1
+2 * 1
+2 +66 1
+2 * 1
+3 * 1
+3 +2 1
+3 * 1
+3 * 1
+4 * 1
+3 +3 1
+6 * 1
+2 -86 1
+2 * 1
+3 +88 1
+2 * 1
+2 * 1
+3 * 1
+2 +1 1
+3 * 1
+3 * 1
+3 +2 1
+3 * 1
+2 0 1
+2 86 1
+5 * 1
+2 * 1
+2 -86 1
+2 148 1
+2 * 1
+2 * 1
+3 * 1
+3 +2 1
+2 * 1
+2 * 1
+21 +9 1
+3 * 1
+6 0 1
+5 312 1
+4 * 1
-9 0 11
+5 312 11
+4 * 11
fe=(1)
+26 -35 12
+3 * 12
+4 0 12
+4 0 12
+4 277 12
+6 0 11
+3 164 11
+4 * 11
fi=(7) /home/arne/.cache/zig/p/1220532412d28ae52ddfe22c7a93c636a25401f17cf3149286268d54ed492a093b42/c/blake3_impl.h
+4 -26 11
+4 -44 11
fe=(1)
+5 +71 11
+2 * 11
+5 * 11
+5 290 11
+3 * 11
fi=(2)
+4 118 11
+7 +1 11
+7 * 11
fe=(1)
0x100cbcc 0 11
+3 0 11
+4 0 11
+4 0 11
+4 0 11
+3 0 11
fi=(2)
+5 312 11
+4 * 11
fe=(1)
+24 -8 11
+2 * 11
+3 * 11
+4 * 11
+5 * 11
+4 -7 11
+7 +7 11
+4 * 11
+8 +4 11
+4 * 11
+7 * 11
+3 * 11
+4 * 11
+3 * 11
+3 * 11
+3 * 11
cfn=(3) blake3_compress_subtree_wide'2
calls=11 0x100ca20 -36 
* * 4457133697
+5 * 11
+3 0 11
+4 0 11
+4 310 11
+3 * 11
+3 * 11
+3 * 11
+3 * 11
cfn=(3)
calls=11 0x100ca20 -38 
* * 4457133697
+5 +6 11
+4 * 11
+41 0 1
+3 184 1
+7 * 1
+2 * 1
+7 * 1
+4 * 1
+3 * 1
+2 * 1
+3 * 1
+4 +1 1
+4 * 1
+8 +1 1
+7 +1 1
+3 -3 1
+3 * 1
-25 +1 7
+4 * 7
+8 +1 7
+7 +1 7
+3 -3 7
+3 * 7
+2 * 1
+3 * 1
+3 * 1
+2 0 11
+3 322 11
+3 -95 11
+4 * 11
+4 * 11
+6 * 11
+4 * 11
+3 * 11
+3 * 11
+3 * 11
+4 * 11
+6 0 11
+2 0 11
+4 227 11
+13 -37 1
+4 * 1
+7 * 1
+5 * 1
+3 * 1
+3 * 1
+3 * 1
+4 * 1
+6 * 1
+2 * 1
+2 * 1
+2 * 1
+1 * 1
cfi=(2)
cfn=(6) blake3_hash_many
calls=1 0x100e1d0 +62 
* * 18837
+5 * 1
+4 +6 1
+3 * 1
0x100cfb2 +31 11
+3 * 11
+4 * 11
+3 * 11
+7 * 11
+3 * 11
+10 +1 11
+8 +2 11
+3 -3 11
+4 * 11
+3 * 11
-18 +1 77
+8 +2 77
+3 -3 77
+4 * 77
+3 * 77
+2 * 11
+3 0 11
+3 235 11
+2 -2 11
+3 * 11
+7 * 11
+5 * 11
+3 * 11
+3 * 11
+3 * 11
+2 * 11
+2 * 11
+2 * 11
+1 * 11
+3 * 11
+3 * 11
cfi=(2)
cfn=(6)
calls=11 0x100e1d0 +19 
* * 14487
+5 * 11
+4 +8 11
+3 * 11
+34 +84 12
+3 * 12
+7 * 12
+1 * 12
+2 * 12
+2 * 12
+2 * 12
+2 * 12
+1 * 12
+3 * 12

fn=(3)
0x100ca20 272 872902
+1 * 872902
+3 * 872902
+2 * 872902
+2 * 872902
+2 * 872902
+2 * 872902
+1 * 872902
+7 * 872902
+3 * 872902
+3 * 872902
+3 * 872902
+3 * 872902
fi=(2)
+3 118 872902
+7 +1 872902
+7 * 872902
0x100cad8 0 872902
+5 312 872902
+4 * 872902
fe=(1)
+26 -35 872902
+3 * 872902
+4 0 872902
+4 0 872902
+4 277 872902
+6 0 436440
+3 164 436440
+4 * 436440
fi=(7)
+4 -26 436440
+4 -44 436440
fe=(1)
+5 +71 436440
+2 * 436440
+5 * 436440
+5 290 436440
+3 * 436440
fi=(2)
+4 118 436440
+7 +1 436440
+7 * 436440
fe=(1)
0x100cbcc 0 436440
+3 0 436440
+4 0 436440
+4 0 436440
+4 0 436440
+3 0 436440
fi=(2)
+5 312 436440
+4 * 436440
fe=(1)
+24 -8 436440
+2 * 436440
+3 * 436440
+4 * 436440
+5 * 436440
+4 -7 436440
+7 +7 436440
+4 * 436440
+8 +4 436440
+4 * 436440
+7 * 436440
+3 * 436440
+4 * 436440
+3 * 436440
+3 * 436440
+3 * 436440
cfn=(3)
calls=436440 0x100ca20 -36 
* * 72191160984
+5 * 436440
+3 0 436440
+4 0 436440
+4 310 436440
+3 * 436440
+3 * 436440
+3 * 436440
+3 * 436440
cfn=(3)
calls=436440 0x100ca20 -38 
* * 72191160984
+5 +6 436440
+4 * 436440
+41 0 436462
+3 184 436462
+7 * 436462
+2 * 436462
+7 * 436462
+4 * 436462
+3 * 436462
+2 * 436462
+3 * 436462
+4 +1 436462
+4 * 436462
+8 +1 436462
+7 +1 436462
+3 -3 436462
+3 * 436462
-25 +1 3055234
+4 * 3055234
+8 +1 3055234
+7 +1 3055234
+3 -3 3055234
+3 * 3055234
+2 * 436462
+3 * 436462
+3 * 436462
+2 0 436440
+3 322 436440
+3 -95 436440
+4 * 436440
+4 * 436440
+6 * 436440
+4 * 436440
+3 * 436440
+3 * 436440
+3 * 436440
+4 * 436440
+6 0 436440
+2 0 436440
+4 227 436440
+13 -37 436462
+4 * 436462
+7 * 436462
+5 * 436462
+3 * 436462
+3 * 436462
+3 * 436462
+4 * 436462
+6 * 436462
+2 * 436462
+2 * 436462
+2 * 436462
+1 * 436462
cfi=(2)
cfn=(6)
calls=436462 0x100e1d0 +62 
* * 8221634694
+5 * 436462
+4 +6 436462
+3 * 436462
0x100cfb2 +31 436440
+3 * 436440
+4 * 436440
+3 * 436440
+7 * 436440
+3 * 436440
+10 +1 436440
+8 +2 436440
+3 -3 436440
+4 * 436440
+3 * 436440
-18 +1 3055080
+8 +2 3055080
+3 -3 3055080
+4 * 3055080
+3 * 3055080
+2 * 436440
+3 0 436440
+3 235 436440
+2 -2 436440
+3 * 436440
+7 * 436440
+5 * 436440
+3 * 436440
+3 * 436440
+3 * 436440
+2 * 436440
+2 * 436440
+2 * 436440
+1 * 436440
+3 * 436440
+3 * 436440
cfi=(2)
cfn=(6)
calls=436440 0x100e1d0 +19 
* * 574791480
+5 * 436440
+4 +8 436440
+3 * 436440
+34 +84 872902
+3 * 872902
+7 * 872902
+1 * 872902
+2 * 872902
+2 * 872902
+2 * 872902
+2 * 872902
+1 * 872902
+3 * 872902

fn=(0) main
0x100aa73 371 1
+8 * 1
+9 12 1
+9 373 1
+8 14 1
+9 372 1
+8 14 1
+9 * 1
+9 468 1
+3 * 1
+6 0 1
+3 0 1
+5 0 1
+8 510 1
+7 * 1
+6 0 1
+2 0 1
+9 0 1
+9 0 1
+9 0 1
+9 0 1
+9 0 1
+9 0 1
+5 0 1
+5 0 1
+5 0 1
+9 0 1
+9 0 1
+9 0 1
+8 0 1
+5 0 1
+2 457 12
+3 * 12
+2 * 12
+3 * 12
+8 * 12
+4 * 12
+5 +2 12
+2 * 12
+7 0 12
+3 0 12
+4 554 12
+8 * 12
+8 +1 12
+3 0 12
+8 556 12
+3 -46 12
+7 * 12
-53 -51 1
+2 * 1
+7 0 1
+3 0 1
+4 554 1
+8 * 1
+8 +1 1
+3 0 1
+8 556 1
+3 -46 1
+7 * 1
+6 0 13
fi=(7)
+8 138 13
+3 * 13
+4 -44 13
+5 +44 13
+2 * 13
+5 * 13
fe=(1)
+5 512 13
+3 * 13
+4 * 13
+6 0 13
+3 528 13
+4 +1 13
+3 -1 13
+3 * 13
+2 +6 13
+7 * 13
+6 +2 1
+8 12 1
+9 * 1
+9 * 1
+8 -12 1
+4 14 1
+5 * 1
+4 * 1
+6 +3 1
+7 537 1
+8 0 1
+2 134 1
+4 * 1
+6 0 1
+3 0 1
+3 0 1
fi=(2)
+14 183 15
+3 * 15
cfi=(6)
cfn=(136)
calls=15 0x1007f80 1793 
* * 7005
fe=(1)
+5 -45 15
+8 * 15
+2 * 15
+7 +1 15
+4 +1 15
+4 -6 15
+4 * 15
+6 +2 15
+8 -89 15
+2 * 15
+4 +90 15
fi=(2)
+8 -19 15
+7 +1 15
+7 * 15
0x100ad29 +75 15
+4 * 15
+8 * 15
+3 * 15
+5 * 15
+3 -12 15
+4 * 15
fe=(1)
+41 549 12
+8 0 12
+4 345 12
+4 * 12
+5 * 12
+3 * 12
+3 * 12
+8 * 12
+5 * 12
+3 * 12
cfn=(2)
calls=12 0x100ca20 -73 
* * 8914302628
+5 +15 12
+4 * 12
+6 0 12
+3 0 12
+5 0 12
+17 363 24
+3 * 24
+4 * 24
+5 * 24
+8 * 24
+3 * 24
cob=(2)
cfi=(5)
cfn=(118)
calls=24 0x16c600 255 
* * 408
* * 24
+5 * 24
+3 -3 24
+4 * 24
+6 227 24
+4 * 24
+4 * 24
+2 0 24
+3 0 24
0x100aec0 227 24
+4 * 24
+3 * 24
+3 * 24
+3 * 24
+4 * 24
+3 * 24
+4 * 24
+2 * 24
+6 +1 24
+8 -1 24
+3 * 24
+4 * 24
+4 * 24
+4 * 24
+4 * 24
-27 +1 48
+8 -1 48
+3 * 48
+4 * 48
+4 * 48
+4 * 48
+4 * 48
+2 +6 24
+3 * 24
+3 * 24
+4 * 24
+5 * 24
+5 * 24
+8 * 24
+3 * 24
+8 * 24
+3 * 24
+3 * 24
+8 * 24
+2 * 24
+2 * 24
+2 * 24
+1 * 24
+3 * 24
cfi=(2)
cfn=(6)
calls=24 0x100e1d0 +19 
* * 19080
+5 * 24
+4 +8 24
+3 * 24
+44 366 12
+6 * 12
+6 * 12
+9 * 12
+9 550 12
fi=(7)
+8 124 12
+3 * 12
fe=(1)
+5 413 12
+8 * 12
+4 * 12
+3 * 12
+5 * 12
+8 * 12
+6 * 1
fi=(2)
+12 183 11
+3 * 11
cfi=(6)
cfn=(136)
calls=11 0x1007f80 1793 
* * 5137
fe=(1)
+5 0 11
+4 0 11
fi=(7)
+4 181 11
+7 -4 11
+2 +5 11
+7 -5 11
+3 +6 11
+7 -6 11
+3 +7 11
+7 -7 11
+3 +8 11
+7 -8 11
+3 +9 11
+7 -9 11
+3 +10 11
+7 -10 11
+3 +11 11
+7 -11 11
fe=(1)
+3 418 11
+8 * 11
+2 * 11
+7 -5 11
+4 * 11
+3 * 11
+6 +2 11
+4 +1 11
+9 155 11
+4 -88 11
+9 * 11
+6 +1 11
+7 * 11
+7 * 11
+5 * 11
+5 * 11
+4 +1 11
+8 +1 11
+9 +1 11
+8 +12 11
+9 * 11
fi=(2)
+9 +35 11
+7 +1 11
+7 * 11
0x100b169 +75 11
+4 * 11
+8 * 11
+5 * 11
+5 * 11
+2 -12 11
+4 * 11
fe=(1)
+48 36 1
+8 * 1
+3 * 1
+5 * 1
+3 +1 1
+3 * 1
+4 -37 1
+8 40 1
+3 +1 1
+3 * 1
+3 * 1
+3 * 1
cob=(2)
cfi=(5)
cfn=(118)
calls=1 0x16c600 255 
* * 12
* * 1
+5 +1 1
+7 * 1
+7 +5 1
+8 * 1
+3 148 1
+7 * 1
+2 +1 1
+8 -82 1
+9 * 1
+9 +1 1
+5 * 1
+6 * 1
+8 * 1
+5 * 1
+4 +1 1
+7 +1 1
+8 +1 1
+7 +12 1
+9 * 1
+6 +1 1
+3 * 1
+4 * 1
+5 * 1
+3 * 1
cfi=(2)
cfn=(146) blake3_compress_in_place
calls=1 0x100d060 +87 
* * 485
fi=(7)
+5 +97 1
+4 * 1
+4 +1 1
+4 0 1
+4 183 1
+4 0 1
+4 184 1
+4 0 1
+4 185 1
+4 0 1
+4 186 1
+4 0 1
+4 187 1
+4 0 1
+4 188 1
+4 0 1
+4 124 1
+3 * 1
fe=(1)
+10 413 1
+8 * 1
+4 * 1
+3 * 1
+8 * 1
+6 0 1
+4 0 1
+2 0 1
+3 457 1
+3 * 1
+2 * 1
+3 * 1
+8 * 1
+7 0 1
+2 0 1
+3 457 1
+7 0 1
+2 0 1
+3 457 1
+7 * 1
+4 0 1
+2 0 1
+3 457 1
+8 * 1
+7 0 1
+2 0 1
+3 457 1
+7 0 1
+2 0 1
+3 457 1
+7 * 1
+4 0 1
+2 0 1
+3 457 1
+8 * 1
+7 0 1
+2 0 1
+3 457 1
+7 0 1
+2 0 1
+3 457 1
+7 * 1
+4 0 1
+2 0 1
+3 457 1
+8 * 1
+7 0 1
+2 0 1
+3 457 1
+7 0 1
+2 0 1
+3 457 1
+7 * 1
+4 0 1
+2 0 1
+3 457 1
+8 * 1
+7 0 1
+2 0 1
+3 457 1
+7 0 1
+2 0 1
+3 457 1
+7 * 1
+4 0 1
+2 0 1
+3 457 1
+8 * 1
+7 0 1
+2 0 1
+3 457 1
+7 0 1
+2 0 1
+3 457 1
+7 * 1
+4 0 1
+2 0 1
+3 457 1
+8 * 1
+7 0 1
+2 0 1
+3 457 1
+7 0 1
+2 0 1
+3 457 1
+7 * 1
+4 0 1
+2 0 1
+3 457 1
+8 * 1
+7 0 1
+2 0 1
+3 457 1
+7 0 1
+2 0 1
+3 457 1
+7 +2 1
fi=(2)
+5 183 1
+3 * 1
cfi=(6)
cfn=(136)
calls=1 0x1007f80 1793 
* * 467
fe=(1)
+5 0 1
+4 0 1
fi=(7)
+4 181 1
+7 -4 1
+2 +5 1
+7 -5 1
+3 +6 1
+7 -6 1
+3 +7 1
+7 -7 1
+3 +8 1
+7 -8 1
+3 +9 1
+7 -9 1
+3 +10 1
+7 -10 1
+3 +11 1
+7 -11 1
fe=(1)
+3 418 1
+8 * 1
+2 * 1
+7 -5 1
+4 * 1
+3 * 1
+6 +2 1
+4 +1 1
+9 155 1
+4 -88 1
+9 * 1
+6 +1 1
+7 * 1
+7 * 1
+5 * 1
+5 * 1
+4 +1 1
+8 +1 1
+9 +1 1
+8 +12 1
+9 * 1
fi=(2)
+9 +35 1
+7 +1 1
+7 * 1
0x100b609 +75 1
+4 * 1
+8 * 1
+5 * 1
+5 * 1
+2 -12 1
+4 * 1
fe=(1)
+40 552 11
+8 -95 11
+3 * 11
+2 * 11
+3 * 11
+9 * 11
+5 +2 11
+2 * 11
+7 +93 11
+3 * 11
+4 * 11
fi=(7)
+3 124 11
+3 * 11
+5 0 11
fe=(1)
-49 457 1
+3 * 1
+2 * 1
+3 * 1
+9 * 1
+5 +2 1
+2 * 1
+7 +93 1
+3 * 1
+4 * 1
fi=(7)
+3 124 1
+3 * 1
+5 0 1
fe=(1)
0x100b700 413 12
+4 * 12
+3 * 12
fi=(8) /home/arne/zig/0.14.0-dev.2465+70de2f3a7/files/lib/std/posix.zig
0x100b8ed 0 1
fe=(1)
+3 565 1
+3 * 1
+6 120 1
+8 * 1
+3 * 1
0x100b9b2 0 1
+3 134 1
+4 * 1
+2 -87 1
+8 * 1
+8 +89 1
+8 -89 1
+2 * 1
+3 +90 1
+7 -2 1
+4 * 1
+3 * 1
+3 * 1
+5 * 1
+3 * 1
cfi=(2)
cfn=(146)
calls=1 0x100d060 +36 
* * 485
-38 +1 1
+8 -89 1
+2 * 1
+3 +90 1
+7 -2 1
+4 * 1
+3 * 1
+3 * 1
+5 * 1
+3 * 1
cfi=(2)
cfn=(146)
calls=1 0x100d060 +36 
* * 485
+5 +3 2
+8 * 2
+2 * 2
+7 +1 2
+4 +1 2
+4 -6 2
+4 * 2
+2 -98 1
+8 * 1
+9 * 1
+3 * 1
+5 * 1
+3 +1 1
+3 * 1
+4 +3 1
+8 +1 1
+3 * 1
+3 * 1
+3 * 1
cob=(2)
cfi=(5)
cfn=(118)
calls=1 0x16c600 255 
* * 13
* * 1
+5 +1 1
fi=(7)
+7 +82 1
+3 * 1
fe=(1)
+10 413 1
+8 * 1
+3 * 1
+3 * 1
0x100bb68 587 1
+2 * 1
+8 * 1
+8 * 1
+2 30 1
+8 * 1
+2 * 1
+3 +1 1
+8 601 1
+3 0 1
+4 601 1
+6 47 1
+2 * 1
+3 148 1
+7 * 1
+2 +1 1
+8 -82 1
+4 * 1
+6 +1 1
+9 * 1
+9 * 1
+9 * 1
+6 -68 1
+5 0 1
+7 0 1
+7 610 1
0x100bce2 0 1
+5 611 1
+4 +2 1
+3 * 1
+4 * 1
+9 * 1
+9 83 1
+6 * 1
+9 +1 1
+3 * 1
+4 * 1
+8 * 1
+3 * 1
+3 * 1
cfi=(2)
cfn=(146)
calls=1 0x100d060 +87 
* * 485
fi=(7)
+5 +97 1
+7 -4 1
fe=(1)
+2 67 1
+9 * 1
+6 615 1
+9 * 1
+9 * 1
+6 * 1
+7 * 1
fi=(7)
+7 176 1
fe=(1)
+3 615 1
fi=(7)
+7 182 1
+7 -5 1
fe=(1)
+3 615 1
fi=(7)
+7 177 1
fe=(1)
+2 615 1
+7 * 1
fi=(7)
+7 176 1
+3 +1 1
fe=(1)
+3 615 1
fi=(7)
+7 183 1
fe=(1)
+7 615 1
fi=(7)
+7 177 1
fe=(1)
+2 615 1
+7 * 1
fi=(7)
+7 176 1
+3 +1 1
fe=(1)
+3 615 1
fi=(7)
+7 184 1
fe=(1)
+7 615 1
fi=(7)
+7 177 1
fe=(1)
+2 615 1
+7 * 1
fi=(7)
+7 176 1
+3 +1 1
fe=(1)
+3 615 1
fi=(7)
+7 185 1
fe=(1)
+7 615 1
fi=(7)
+7 177 1
fe=(1)
+2 615 1
+7 * 1
fi=(7)
+7 176 1
+3 +1 1
fe=(1)
+3 615 1
fi=(7)
+7 186 1
fe=(1)
+7 615 1
fi=(7)
+7 177 1
fe=(1)
+2 615 1
+7 * 1
fi=(7)
+7 176 1
+3 +1 1
fe=(1)
+3 615 1
fi=(7)
+7 187 1
fe=(1)
+7 615 1
fi=(7)
+7 177 1
fe=(1)
+2 615 1
+7 * 1
fi=(7)
+7 176 1
+3 +1 1
fe=(1)
+3 615 1
fi=(7)
+7 188 1
fe=(1)
+7 615 1
fi=(7)
+7 177 1
fe=(1)
+2 615 1
+7 * 1
fi=(7)
+7 176 1
fe=(1)
+3 615 1
fi=(7)
+7 177 1
fe=(1)
+3 615 1
+7 * 1
+8 155 1
+2 615 1
+8 * 1
+7 -5 1
+3 * 1
+6 * 1
+4 * 1
+8 * 1
+4 * 1
+4 * 1
+8 +3 1
+6 * 1
+9 83 1
+6 * 1
+9 +1 1
+4 * 1
+3 * 1
+3 * 1
+5 * 1
+2 * 1
+3 * 1
cfi=(2)
cfn=(146)
calls=1 0x100d060 +87 
* * 485
-50 613 11
+6 * 11
+9 83 11
+6 * 11
+9 +1 11
+4 * 11
+3 * 11
+3 * 11
+5 * 11
+2 * 11
+3 * 11
cfi=(2)
cfn=(146)
calls=11 0x100d060 +87 
* * 5335
+5 -17 12
+9 * 12
fi=(7)
+6 181 12
+7 -4 12
fe=(1)
+2 615 12
+9 * 12
+9 * 12
+4 * 12
+7 * 12
fi=(7)
+7 176 12
fe=(1)
+3 615 12
fi=(7)
+7 182 12
+7 -5 12
fe=(1)
+3 615 12
fi=(7)
+7 177 12
fe=(1)
+2 615 12
+7 * 12
fi=(7)
+7 176 12
+3 +1 12
fe=(1)
+3 615 12
fi=(7)
+7 183 12
fe=(1)
+7 615 12
fi=(7)
+7 177 12
fe=(1)
+2 615 12
+7 * 12
fi=(7)
+7 176 12
+3 +1 12
fe=(1)
+3 615 12
fi=(7)
+7 184 12
fe=(1)
+7 615 12
fi=(7)
+7 177 12
fe=(1)
+2 615 12
+7 * 12
fi=(7)
+7 176 12
+3 +1 12
fe=(1)
+3 615 12
fi=(7)
+7 185 12
fe=(1)
+7 615 12
fi=(7)
+7 177 12
fe=(1)
+2 615 12
+7 * 12
fi=(7)
+7 176 12
+3 +1 12
fe=(1)
+3 615 12
fi=(7)
+7 186 12
fe=(1)
+7 615 12
fi=(7)
+7 177 12
fe=(1)
+2 615 12
+7 * 12
fi=(7)
+7 176 12
+3 +1 12
fe=(1)
+3 615 12
fi=(7)
+7 187 12
fe=(1)
+7 615 12
fi=(7)
+7 177 12
fe=(1)
+2 615 12
+7 * 12
fi=(7)
+7 176 12
+3 +1 12
fe=(1)
+3 615 12
fi=(7)
+7 188 12
fe=(1)
+7 615 12
fi=(7)
+7 177 12
fe=(1)
+2 615 12
+7 * 12
fi=(7)
+7 176 12
fe=(1)
+3 615 12
fi=(7)
+7 177 12
fe=(1)
+3 615 12
+7 * 12
+8 155 12
+2 610 12
+4 +5 12
+8 * 12
+7 -5 12
+3 * 12
+6 113 1
+5 * 1
+2 * 1
+3 * 1
+5 * 1
+8 * 1
+5 * 1
+3 * 1
cfi=(2)
cfn=(152) blake3_compress_xof
calls=1 0x100d150 +87 
* * 503

fl=(2)
fn=(6)
fi=(3) /home/arne/.cache/zig/p/1220532412d28ae52ddfe22c7a93c636a25401f17cf3149286268d54ed492a093b42/c/blake3_avx2_x86-64_unix.S
0x1008340 27 872938
+2 +1 872938
+2 +1 872938
+2 +1 872938
+2 +1 872938
+1 +1 872938
+1 +1 872938
+3 +1 872938
+7 +1 872938
+4 +1 872938
+3 +1 872938
+5 +1 872938
+5 +1 872938
+9 +1 872938
+8 +1 872938
+8 +1 872938
+9 +1 872938
+5 +1 872938
+5 +1 872938
+4 +1 872938
+9 +1 872938
+8 +1 872938
+8 +1 872938
+4 +1 872938
+4 +1 872938
+5 +1 872938
+5 +1 872938
+4 +1 872938
+9 +1 872938
+4 +1 872938
+8 +1 872938
+4 +1 872938
+6 +2 872914
+5 +1 872914
+6 +1 872914
+6 +1 872914
+6 +1 872914
+6 +1 872914
+6 +1 872914
+6 +1 872914
+6 +1 872914
+3 +1 872914
+4 +1 872914
+4 +1 872914
+4 +1 872914
+4 +1 872914
+4 +1 872914
+4 +1 872914
+4 +1 872914
+4 +1 872914
+4 +1 872914
+2 +1 872914
+2 * 872914
+3 +3 872914
+4 +1 872914
+2 +1 872914
+4 +1 872914
+8 +1 872914
+3 +1 872914
+7 +1 872914
+7 +1 872914
+8 +1 872914
+7 +1 872914
+8 +1 872914
+5 +1 872914
+5 +1 872914
+7 +1 872914
+8 +1 872914
+7 +1 872914
+8 +1 872914
+5 +1 872914
+5 +1 872914
+6 +1 872914
+5 +1 872914
+6 +1 872914
+6 +1 872914
+6 +1 872914
+6 +1 872914
+6 +1 872914
+6 +1 872914
+7 +1 872914
+8 +1 872914
+7 +1 872914
+8 +1 872914
+5 +1 872914
+5 +1 872914
+7 +1 872914
+8 +1 872914
+7 +1 872914
+8 +1 872914
+5 +1 872914
+5 +1 872914
0x1008440 -38 6546945
+4 +1 6546945
+2 +1 6546945
+4 +1 6546945
+8 +1 6546945
+3 +1 6546945
+7 +1 6546945
+7 +1 6546945
+8 +1 6546945
+7 +1 6546945
+8 +1 6546945
+5 +1 6546945
+5 +1 6546945
+7 +1 6546945
+8 +1 6546945
+7 +1 6546945
+8 +1 6546945
+5 +1 6546945
+5 +1 6546945
+6 +1 6546945
+5 +1 6546945
+6 +1 6546945
+6 +1 6546945
+6 +1 6546945
+6 +1 6546945
+6 +1 6546945
+6 +1 6546945
+7 +1 6546945
+8 +1 6546945
+7 +1 6546945
+8 +1 6546945
+5 +1 6546945
+5 +1 6546945
+7 +1 6546945
+8 +1 6546945
+7 +1 6546945
+8 +1 6546945
+5 +1 6546945
+5 +1 6546945
+6 +1 6546945
+9 +1 6546945
+6 +1 6546945
+9 +1 6546945
+6 +1 6546945
+9 +1 6546945
+6 +1 6546945
+9 +1 6546945
+7 +1 6546945
+8 +1 6546945
+7 +1 6546945
+8 +1 6546945
+5 +1 6546945
+5 +1 6546945
+7 +1 6546945
+8 +1 6546945
+7 +1 6546945
+8 +1 6546945
+5 +1 6546945
+5 +1 6546945
+6 +1 6546945
0x1008531 -20 872914
+9 +1 872914
+6 +1 872914
+9 +1 872914
+6 +1 872914
+9 +1 872914
+6 +1 872914
+9 +1 872914
+7 +1 872914
+8 +1 872914
+7 +1 872914
+8 +1 872914
+5 +1 872914
+5 +1 872914
+7 +1 872914
+8 +1 872914
+7 +1 872914
+8 +1 872914
+5 +1 872914
+5 +1 872914
+6 +1 872914
+9 +1 872914
+6 +1 872914
+9 +1 872914
+6 +1 872914
+9 +1 872914
+6 +1 872914
+9 +1 872914
+7 +1 872914
+8 +1 872914
+7 +1 872914
+8 +1 872914
+5 +1 872914
+5 +1 872914
+7 +1 872914
+8 +1 872914
+7 +1 872914
+8 +1 872914
+5 +1 872914
+5 +1 872914
+6 +1 872914
+9 +1 872914
+6 +1 872914
+9 +1 872914
+6 +1 872914
+9 +1 872914
+6 +1 872914
+9 +1 872914
+10 +1 872914
+9 +1 872914
+9 +1 872914
+9 +1 872914
+9 +1 872914
+9 +1 872914
+9 +1 872914
+9 +1 872914
+9 +1 872914
+5 +1 872914
+6 +1 872914
+9 +1 872914
0x10085c6 -38 6546945
+6 +1 6546945
+9 +1 6546945
+6 +1 6546945
+9 +1 6546945
+6 +1 6546945
+9 +1 6546945
+7 +1 6546945
+8 +1 6546945
+7 +1 6546945
+8 +1 6546945
+5 +1 6546945
+5 +1 6546945
+7 +1 6546945
+8 +1 6546945
+7 +1 6546945
+8 +1 6546945
+5 +1 6546945
+5 +1 6546945
+6 +1 6546945
+9 +1 6546945
+6 +1 6546945
+9 +1 6546945
+6 +1 6546945
+9 +1 6546945
+6 +1 6546945
+9 +1 6546945
+10 +1 6546945
+9 +1 6546945
+9 +1 6546945
+9 +1 6546945
+9 +1 6546945
+9 +1 6546945
+9 +1 6546945
+9 +1 6546945
+9 +1 6546945
+5 +1 6546945
+6 +1 6546945
+9 +1 6546945
+9 +1 6546945
+4 +1 6546945
+4 +1 6546945
+4 +1 6546945
+4 +1 6546945
+9 +1 6546945
+9 +1 6546945
+8 +1 6546945
+4 +1 6546945
+9 +1 6546945
+5 +1 6546945
+5 +1 6546945
+5 +1 6546945
+5 +1 6546945
+8 +1 6546945
+8 +1 6546945
+8 +1 6546945
+8 +1 6546945
+4 +1 6546945
+4 +1 6546945
+4 +1 6546945
0x10086ee -20 872914
+4 +1 872914
+4 +1 872914
+4 +1 872914
+4 +1 872914
+9 +1 872914
+9 +1 872914
+8 +1 872914
+4 +1 872914
+9 +1 872914
+5 +1 872914
+5 +1 872914
+5 +1 872914
+5 +1 872914
+8 +1 872914
+8 +1 872914
+8 +1 872914
+8 +1 872914
+4 +1 872914
+4 +1 872914
+4 +1 872914
+4 +1 872914
+9 +1 872914
+5 +1 872914
+5 +1 872914
+4 +1 872914
+5 +1 872914
+5 +1 872914
+4 +1 872914
+5 +1 872914
+5 +1 872914
+4 +1 872914
+5 +1 872914
+5 +1 872914
+4 +1 872914
+6 +1 872914
+6 +1 872914
+9 +1 872914
+9 +1 872914
+4 +1 872914
+4 +1 872914
+4 +1 872914
+4 +1 872914
+4 +1 872914
+4 +1 872914
+4 +1 872914
+4 +1 872914
+9 +1 872914
+5 +1 872914
+5 +1 872914
+5 +1 872914
+5 +1 872914
+9 +1 872914
+5 +1 872914
+5 +1 872914
+5 +1 872914
+4 +1 872914
+4 +1 872914
+4 +1 872914
+4 +1 872914
0x1008769 -38 6546945
+9 +1 6546945
+5 +1 6546945
+5 +1 6546945
+4 +1 6546945
+5 +1 6546945
+5 +1 6546945
+4 +1 6546945
+5 +1 6546945
+5 +1 6546945
+4 +1 6546945
+5 +1 6546945
+5 +1 6546945
+4 +1 6546945
+6 +1 6546945
+6 +1 6546945
+9 +1 6546945
+9 +1 6546945
+4 +1 6546945
+4 +1 6546945
+4 +1 6546945
+4 +1 6546945
+4 +1 6546945
+4 +1 6546945
+4 +1 6546945
+4 +1 6546945
+9 +1 6546945
+5 +1 6546945
+5 +1 6546945
+5 +1 6546945
+5 +1 6546945
+9 +1 6546945
+5 +1 6546945
+5 +1 6546945
+5 +1 6546945
+4 +1 6546945
+4 +1 6546945
+4 +1 6546945
+4 +1 6546945
+9 +1 6546945
+5 +1 6546945
+5 +1 6546945
+4 +1 6546945
+5 +1 6546945
+5 +1 6546945
+4 +1 6546945
+5 +1 6546945
+5 +1 6546945
+4 +1 6546945
+5 +1 6546945
+5 +1 6546945
+4 +1 6546945
+9 +1 6546945
+9 +1 6546945
+9 +1 6546945
+9 +1 6546945
+4 +1 6546945
+4 +1 6546945
+4 +1 6546945
+4 +1 6546945
0x1008836 -20 872914
+5 +1 872914
+5 +1 872914
+4 +1 872914
+5 +1 872914
+5 +1 872914
+4 +1 872914
+5 +1 872914
+5 +1 872914
+4 +1 872914
+5 +1 872914
+5 +1 872914
+4 +1 872914
+9 +1 872914
+9 +1 872914
+9 +1 872914
+9 +1 872914
+4 +1 872914
+4 +1 872914
+4 +1 872914
+4 +1 872914
+4 +1 872914
+4 +1 872914
+4 +1 872914
+4 +1 872914
+9 +1 872914
+5 +1 872914
+5 +1 872914
+5 +1 872914
+5 +1 872914
+5 +1 872914
+5 +1 872914
+9 +1 872914
+5 +1 872914
+4 +1 872914
+4 +1 872914
+4 +1 872914
+4 +1 872914
+9 +1 872914
+5 +1 872914
+5 +1 872914
+4 +1 872914
+5 +1 872914
+5 +1 872914
+4 +1 872914
+5 +1 872914
+5 +1 872914
+4 +1 872914
+5 +1 872914
+5 +1 872914
+4 +1 872914
+9 +1 872914
+9 +1 872914
+9 +1 872914
+9 +1 872914
+4 +1 872914
+4 +1 872914
+4 +1 872914
+4 +1 872914
+4 +1 872914
0x10088a6 -38 6546945
+4 +1 6546945
+4 +1 6546945
+4 +1 6546945
+9 +1 6546945
+5 +1 6546945
+5 +1 6546945
+5 +1 6546945
+5 +1 6546945
+5 +1 6546945
+5 +1 6546945
+9 +1 6546945
+5 +1 6546945
+4 +1 6546945
+4 +1 6546945
+4 +1 6546945
+4 +1 6546945
+9 +1 6546945
+5 +1 6546945
+5 +1 6546945
+4 +1 6546945
+5 +1 6546945
+5 +1 6546945
+4 +1 6546945
+5 +1 6546945
+5 +1 6546945
+4 +1 6546945
+5 +1 6546945
+5 +1 6546945
+4 +1 6546945
+9 +1 6546945
+9 +1 6546945
+9 +1 6546945
+9 +1 6546945
+4 +1 6546945
+4 +1 6546945
+4 +1 6546945
+4 +1 6546945
+4 +1 6546945
+4 +1 6546945
+4 +1 6546945
+4 +1 6546945
+9 +1 6546945
+5 +1 6546945
+5 +1 6546945
+5 +1 6546945
+5 +1 6546945
+5 +1 6546945
+5 +1 6546945
+9 +1 6546945
+5 +1 6546945
+4 +1 6546945
+4 +1 6546945
+4 +1 6546945
+4 +1 6546945
+9 +1 6546945
+5 +1 6546945
+5 +1 6546945
+4 +1 6546945
+5 +1 6546945
0x1008974 -20 872914
+4 +1 872914
+4 +1 872914
+9 +1 872914
+5 +1 872914
+5 +1 872914
+5 +1 872914
+5 +1 872914
+5 +1 872914
+5 +1 872914
+9 +1 872914
+5 +1 872914
+4 +1 872914
+4 +1 872914
+4 +1 872914
+4 +1 872914
+9 +1 872914
+5 +1 872914
+5 +1 872914
+4 +1 872914
+5 +1 872914
+5 +1 872914
+4 +1 872914
+5 +1 872914
+5 +1 872914
+4 +1 872914
+5 +1 872914
+5 +1 872914
+4 +1 872914
+6 +1 872914
+6 +1 872914
+9 +1 872914
+9 +1 872914
+4 +1 872914
+4 +1 872914
+4 +1 872914
+4 +1 872914
+4 +1 872914
+4 +1 872914
+4 +1 872914
+4 +1 872914
+9 +1 872914
+5 +1 872914
+5 +1 872914
+5 +1 872914
+5 +1 872914
+9 +1 872914
+5 +1 872914
+5 +1 872914
+5 +1 872914
+4 +1 872914
+4 +1 872914
+4 +1 872914
+4 +1 872914
+9 +1 872914
+5 +1 872914
+5 +1 872914
+4 +1 872914
+5 +1 872914
+5 +1 872914
0x10089e2 -38 6546945
+4 +1 6546945
+5 +1 6546945
+5 +1 6546945
+4 +1 6546945
+5 +1 6546945
+5 +1 6546945
+4 +1 6546945
+6 +1 6546945
+6 +1 6546945
+9 +1 6546945
+9 +1 6546945
+4 +1 6546945
+4 +1 6546945
+4 +1 6546945
+4 +1 6546945
+4 +1 6546945
+4 +1 6546945
+4 +1 6546945
+4 +1 6546945
+9 +1 6546945
+5 +1 6546945
+5 +1 6546945
+5 +1 6546945
+5 +1 6546945
+9 +1 6546945
+5 +1 6546945
+5 +1 6546945
+5 +1 6546945
+4 +1 6546945
+4 +1 6546945
+4 +1 6546945
+4 +1 6546945
+9 +1 6546945
+5 +1 6546945
+5 +1 6546945
+4 +1 6546945
+5 +1 6546945
+5 +1 6546945
+4 +1 6546945
+5 +1 6546945
+5 +1 6546945
+4 +1 6546945
+5 +1 6546945
+5 +1 6546945
+4 +1 6546945
+9 +1 6546945
+9 +1 6546945
+5 +1 6546945
+9 +1 6546945
+4 +1 6546945
+4 +1 6546945
+4 +1 6546945
+4 +1 6546945
+4 +1 6546945
+4 +1 6546945
+4 +1 6546945
+4 +1 6546945
+9 +1 6546945
+5 +1 6546945
0x1008aaa -20 872914
+5 +1 872914
+5 +1 872914
+4 +1 872914
+5 +1 872914
+5 +1 872914
+4 +1 872914
+9 +1 872914
+9 +1 872914
+5 +1 872914
+9 +1 872914
+4 +1 872914
+4 +1 872914
+4 +1 872914
+4 +1 872914
+4 +1 872914
+4 +1 872914
+4 +1 872914
+4 +1 872914
+9 +1 872914
+5 +1 872914
+5 +1 872914
+5 +1 872914
+5 +1 872914
+9 +1 872914
+5 +1 872914
+5 +1 872914
+5 +1 872914
+4 +1 872914
+4 +1 872914
+4 +1 872914
+4 +1 872914
+9 +1 872914
+5 +1 872914
+5 +1 872914
+4 +1 872914
+5 +1 872914
+5 +1 872914
+4 +1 872914
+5 +1 872914
+5 +1 872914
+4 +1 872914
+5 +1 872914
+5 +1 872914
+4 +1 872914
+6 +1 872914
+9 +1 872914
+9 +1 872914
+9 +1 872914
+4 +1 872914
+4 +1 872914
+4 +1 872914
+4 +1 872914
+4 +1 872914
+4 +1 872914
+4 +1 872914
+4 +1 872914
+9 +1 872914
+5 +1 872914
+5 +1 872914
0x1008b19 -38 6546945
+5 +1 6546945
+5 +1 6546945
+9 +1 6546945
+5 +1 6546945
+5 +1 6546945
+5 +1 6546945
+4 +1 6546945
+4 +1 6546945
+4 +1 6546945
+4 +1 6546945
+9 +1 6546945
+5 +1 6546945
+5 +1 6546945
+4 +1 6546945
+5 +1 6546945
+5 +1 6546945
+4 +1 6546945
+5 +1 6546945
+5 +1 6546945
+4 +1 6546945
+5 +1 6546945
+5 +1 6546945
+4 +1 6546945
+6 +1 6546945
+9 +1 6546945
+9 +1 6546945
+9 +1 6546945
+4 +1 6546945
+4 +1 6546945
+4 +1 6546945
+4 +1 6546945
+4 +1 6546945
+4 +1 6546945
+4 +1 6546945
+4 +1 6546945
+9 +1 6546945
+5 +1 6546945
+5 +1 6546945
+5 +1 6546945
+5 +1 6546945
+5 +1 6546945
+5 +1 6546945
+9 +1 6546945
+5 +1 6546945
+4 +1 6546945
+4 +1 6546945
+4 +1 6546945
+4 +1 6546945
+9 +1 6546945
+5 +1 6546945
+5 +1 6546945
+4 +1 6546945
+5 +1 6546945
+5 +1 6546945
+4 +1 6546945
+5 +1 6546945
+5 +1 6546945
+4 +1 6546945
+5 +1 6546945
0x1008be5 -20 872914
+5 +1 872914
+5 +1 872914
+5 +1 872914
+9 +1 872914
+5 +1 872914
+4 +1 872914
+4 +1 872914
+4 +1 872914
+4 +1 872914
+9 +1 872914
+5 +1 872914
+5 +1 872914
+4 +1 872914
+5 +1 872914
+5 +1 872914
+4 +1 872914
+5 +1 872914
+5 +1 872914
+4 +1 872914
+5 +1 872914
+5 +1 872914
+4 +1 872914
+9 +1 872914
+9 +1 872914
+9 +1 872914
+9 +1 872914
+4 +1 872914
+4 +1 872914
+4 +1 872914
+4 +1 872914
+4 +1 872914
+4 +1 872914
+4 +1 872914
+4 +1 872914
+9 +1 872914
+5 +1 872914
+5 +1 872914
+5 +1 872914
+5 +1 872914
+5 +1 872914
+5 +1 872914
+9 +1 872914
+5 +1 872914
+4 +1 872914
+4 +1 872914
+4 +1 872914
+4 +1 872914
+9 +1 872914
+5 +1 872914
+5 +1 872914
+4 +1 872914
+5 +1 872914
+5 +1 872914
+4 +1 872914
+5 +1 872914
+5 +1 872914
+4 +1 872914
+5 +1 872914
+5 +1 872914
0x1008c4f -38 6546945
+4 +1 6546945
+9 +1 6546945
+9 +1 6546945
+9 +1 6546945
+9 +1 6546945
+4 +1 6546945
+4 +1 6546945
+4 +1 6546945
+4 +1 6546945
+4 +1 6546945
+4 +1 6546945
+4 +1 6546945
+4 +1 6546945
+9 +1 6546945
+5 +1 6546945
+5 +1 6546945
+5 +1 6546945
+5 +1 6546945
+5 +1 6546945
+5 +1 6546945
+9 +1 6546945
+5 +1 6546945
+4 +1 6546945
+4 +1 6546945
+4 +1 6546945
+4 +1 6546945
+9 +1 6546945
+5 +1 6546945
+5 +1 6546945
+4 +1 6546945
+5 +1 6546945
+5 +1 6546945
+4 +1 6546945
+5 +1 6546945
+5 +1 6546945
+4 +1 6546945
+5 +1 6546945
+5 +1 6546945
+4 +1 6546945
+6 +1 6546945
+9 +1 6546945
+9 +1 6546945
+9 +1 6546945
+4 +1 6546945
+4 +1 6546945
+4 +1 6546945
+4 +1 6546945
+4 +1 6546945
+4 +1 6546945
+4 +1 6546945
+4 +1 6546945
+9 +1 6546945
+5 +1 6546945
+5 +1 6546945
+5 +1 6546945
+5 +1 6546945
+9 +1 6546945
+5 +1 6546945
+5 +1 6546945
0x1008d1d -20 872914
+6 +1 872914
+9 +1 872914
+9 +1 872914
+9 +1 872914
+4 +1 872914
+4 +1 872914
+4 +1 872914
+4 +1 872914
+4 +1 872914
+4 +1 872914
+4 +1 872914
+4 +1 872914
+9 +1 872914
+5 +1 872914
+5 +1 872914
+5 +1 872914
+5 +1 872914
+9 +1 872914
+5 +1 872914
+5 +1 872914
+5 +1 872914
+4 +1 872914
+4 +1 872914
+4 +1 872914
+4 +1 872914
+9 +1 872914
+5 +1 872914
+5 +1 872914
+4 +1 872914
+5 +1 872914
+5 +1 872914
+4 +1 872914
+5 +1 872914
+5 +1 872914
+4 +1 872914
+5 +1 872914
+5 +1 872914
+4 +1 872914
+9 +1 872914
+9 +1 872914
+6 +1 872914
+9 +1 872914
+4 +1 872914
+4 +1 872914
+4 +1 872914
+4 +1 872914
+4 +1 872914
+4 +1 872914
+4 +1 872914
+4 +1 872914
+9 +1 872914
+5 +1 872914
+5 +1 872914
+5 +1 872914
+5 +1 872914
+9 +1 872914
+5 +1 872914
+5 +1 872914
+5 +1 872914
0x1008d93 -38 6546945
+4 +1 6546945
+4 +1 6546945
+4 +1 6546945
+4 +1 6546945
+9 +1 6546945
+5 +1 6546945
+5 +1 6546945
+4 +1 6546945
+5 +1 6546945
+5 +1 6546945
+4 +1 6546945
+5 +1 6546945
+5 +1 6546945
+4 +1 6546945
+5 +1 6546945
+5 +1 6546945
+4 +1 6546945
+9 +1 6546945
+9 +1 6546945
+6 +1 6546945
+9 +1 6546945
+4 +1 6546945
+4 +1 6546945
+4 +1 6546945
+4 +1 6546945
+4 +1 6546945
+4 +1 6546945
+4 +1 6546945
+4 +1 6546945
+9 +1 6546945
+5 +1 6546945
+5 +1 6546945
+5 +1 6546945
+5 +1 6546945
+9 +1 6546945
+5 +1 6546945
+5 +1 6546945
+5 +1 6546945
+4 +1 6546945
+4 +1 6546945
+4 +1 6546945
+4 +1 6546945
+9 +1 6546945
+5 +1 6546945
+5 +1 6546945
+4 +1 6546945
+5 +1 6546945
+5 +1 6546945
+4 +1 6546945
+5 +1 6546945
+5 +1 6546945
+4 +1 6546945
+5 +1 6546945
+5 +1 6546945
+4 +1 6546945
+9 +1 6546945
+9 +1 6546945
+9 +1 6546945
+9 +1 6546945
0x1008e5e -20 872914
+4 +1 872914
+4 +1 872914
+4 +1 872914
+9 +1 872914
+5 +1 872914
+5 +1 872914
+4 +1 872914
+5 +1 872914
+5 +1 872914
+4 +1 872914
+5 +1 872914
+5 +1 872914
+4 +1 872914
+5 +1 872914
+5 +1 872914
+4 +1 872914
+9 +1 872914
+9 +1 872914
+9 +1 872914
+9 +1 872914
+4 +1 872914
+4 +1 872914
+4 +1 872914
+4 +1 872914
+4 +1 872914
+4 +1 872914
+4 +1 872914
+4 +1 872914
+9 +1 872914
+5 +1 872914
+5 +1 872914
+5 +1 872914
+5 +1 872914
+5 +1 872914
+5 +1 872914
+9 +1 872914
+5 +1 872914
+4 +1 872914
+4 +1 872914
+4 +1 872914
+4 +1 872914
+9 +1 872914
+5 +1 872914
+5 +1 872914
+4 +1 872914
+5 +1 872914
+5 +1 872914
+4 +1 872914
+5 +1 872914
+5 +1 872914
+4 +1 872914
+5 +1 872914
+5 +1 872914
+4 +1 872914
+9 +1 872914
+5 +1 872914
+9 +1 872914
+6 +1 872914
+4 +1 872914
0x1008ed3 -38 6546945
+4 +1 6546945
+4 +1 6546945
+4 +1 6546945
+4 +1 6546945
+4 +1 6546945
+4 +1 6546945
+4 +1 6546945
+9 +1 6546945
+5 +1 6546945
+5 +1 6546945
+5 +1 6546945
+5 +1 6546945
+5 +1 6546945
+5 +1 6546945
+9 +1 6546945
+5 +1 6546945
+4 +1 6546945
+4 +1 6546945
+4 +1 6546945
+4 +1 6546945
+9 +1 6546945
+5 +1 6546945
+5 +1 6546945
+4 +1 6546945
+5 +1 6546945
+5 +1 6546945
+4 +1 6546945
+5 +1 6546945
+5 +1 6546945
+4 +1 6546945
+5 +1 6546945
+5 +1 6546945
+4 +1 6546945
+9 +1 6546945
+5 +1 6546945
+9 +1 6546945
+6 +1 6546945
+4 +1 6546945
+4 +1 6546945
+4 +1 6546945
+4 +1 6546945
+4 +1 6546945
+4 +1 6546945
+4 +1 6546945
+4 +1 6546945
+9 +1 6546945
+5 +1 6546945
+5 +1 6546945
+5 +1 6546945
+5 +1 6546945
+5 +1 6546945
+5 +1 6546945
+9 +1 6546945
+5 +1 6546945
+4 +1 6546945
+4 +1 6546945
+4 +1 6546945
+4 +1 6546945
+9 +1 6546945
0x1008f9a -20 872914
+4 +1 872914
+4 +1 872914
+4 +1 872914
+4 +1 872914
+4 +1 872914
+4 +1 872914
+9 +1 872914
+5 +1 872914
+5 +1 872914
+5 +1 872914
+5 +1 872914
+5 +1 872914
+5 +1 872914
+9 +1 872914
+5 +1 872914
+4 +1 872914
+4 +1 872914
+4 +1 872914
+4 +1 872914
+9 +1 872914
+5 +1 872914
+5 +1 872914
+4 +1 872914
+5 +1 872914
+5 +1 872914
+4 +1 872914
+5 +1 872914
+5 +1 872914
+4 +1 872914
+5 +1 872914
+5 +1 872914
+4 +1 872914
+9 +1 872914
+9 +1 872914
+9 +1 872914
+9 +1 872914
+4 +1 872914
+4 +1 872914
+4 +1 872914
+4 +1 872914
+4 +1 872914
+4 +1 872914
+4 +1 872914
+4 +1 872914
+9 +1 872914
+5 +1 872914
+5 +1 872914
+5 +1 872914
+5 +1 872914
+9 +1 872914
+5 +1 872914
+5 +1 872914
+5 +1 872914
+4 +1 872914
+4 +1 872914
+4 +1 872914
+4 +1 872914
+9 +1 872914
+5 +1 872914
0x1009005 -38 6546945
+5 +1 6546945
+4 +1 6546945
+5 +1 6546945
+5 +1 6546945
+4 +1 6546945
+5 +1 6546945
+5 +1 6546945
+4 +1 6546945
+5 +1 6546945
+5 +1 6546945
+4 +1 6546945
+9 +1 6546945
+9 +1 6546945
+9 +1 6546945
+9 +1 6546945
+4 +1 6546945
+4 +1 6546945
+4 +1 6546945
+4 +1 6546945
+4 +1 6546945
+4 +1 6546945
+4 +1 6546945
+4 +1 6546945
+9 +1 6546945
+5 +1 6546945
+5 +1 6546945
+5 +1 6546945
+5 +1 6546945
+9 +1 6546945
+5 +1 6546945
+5 +1 6546945
+5 +1 6546945
+4 +1 6546945
+4 +1 6546945
+4 +1 6546945
+4 +1 6546945
+9 +1 6546945
+5 +1 6546945
+5 +1 6546945
+4 +1 6546945
+5 +1 6546945
+5 +1 6546945
+4 +1 6546945
+5 +1 6546945
+5 +1 6546945
+4 +1 6546945
+5 +1 6546945
+5 +1 6546945
+4 +1 6546945
+9 +1 6546945
+9 +1 6546945
+6 +1 6546945
+9 +1 6546945
+4 +1 6546945
+4 +1 6546945
+4 +1 6546945
+4 +1 6546945
+4 +1 6546945
+4 +1 6546945
0x10090d4 -20 872914
+4 +1 872914
+5 +1 872914
+5 +1 872914
+4 +1 872914
+5 +1 872914
+5 +1 872914
+4 +1 872914
+5 +1 872914
+5 +1 872914
+4 +1 872914
+9 +1 872914
+9 +1 872914
+6 +1 872914
+9 +1 872914
+4 +1 872914
+4 +1 872914
+4 +1 872914
+4 +1 872914
+4 +1 872914
+4 +1 872914
+4 +1 872914
+4 +1 872914
+9 +1 872914
+5 +1 872914
+5 +1 872914
+5 +1 872914
+5 +1 872914
+9 +1 872914
+5 +1 872914
+5 +1 872914
+5 +1 872914
+4 +1 872914
+4 +1 872914
+4 +1 872914
+4 +1 872914
+9 +1 872914
+5 +1 872914
+5 +1 872914
+4 +1 872914
+5 +1 872914
+5 +1 872914
+4 +1 872914
+5 +1 872914
+5 +1 872914
+4 +1 872914
+5 +1 872914
+5 +1 872914
+4 +1 872914
+9 +1 872914
+9 +1 872914
+9 +1 872914
+6 +1 872914
+4 +1 872914
+4 +1 872914
+4 +1 872914
+4 +1 872914
+4 +1 872914
+4 +1 872914
+4 +1 872914
0x100913f -38 6546945
+4 +1 6546945
+9 +1 6546945
+5 +1 6546945
+5 +1 6546945
+5 +1 6546945
+5 +1 6546945
+9 +1 6546945
+5 +1 6546945
+5 +1 6546945
+5 +1 6546945
+4 +1 6546945
+4 +1 6546945
+4 +1 6546945
+4 +1 6546945
+9 +1 6546945
+5 +1 6546945
+5 +1 6546945
+4 +1 6546945
+5 +1 6546945
+5 +1 6546945
+4 +1 6546945
+5 +1 6546945
+5 +1 6546945
+4 +1 6546945
+5 +1 6546945
+5 +1 6546945
+4 +1 6546945
+9 +1 6546945
+9 +1 6546945
+9 +1 6546945
+6 +1 6546945
+4 +1 6546945
+4 +1 6546945
+4 +1 6546945
+4 +1 6546945
+4 +1 6546945
+4 +1 6546945
+4 +1 6546945
+4 +1 6546945
+9 +1 6546945
+5 +1 6546945
+5 +1 6546945
+5 +1 6546945
+5 +1 6546945
+5 +1 6546945
+5 +1 6546945
+9 +1 6546945
+5 +1 6546945
+4 +1 6546945
+4 +1 6546945
+4 +1 6546945
+4 +1 6546945
+9 +1 6546945
+5 +1 6546945
+5 +1 6546945
+4 +1 6546945
+5 +1 6546945
+5 +1 6546945
+4 +1 6546945
0x100920a -20 872914
+9 +1 872914
+5 +1 872914
+5 +1 872914
+5 +1 872914
+5 +1 872914
+5 +1 872914
+5 +1 872914
+9 +1 872914
+5 +1 872914
+4 +1 872914
+4 +1 872914
+4 +1 872914
+4 +1 872914
+9 +1 872914
+5 +1 872914
+5 +1 872914
+4 +1 872914
+5 +1 872914
+5 +1 872914
+4 +1 872914
+5 +1 872914
+5 +1 872914
+4 +1 872914
+5 +1 872914
+5 +1 872914
+4 +1 872914
+5 +1 872914
+6 +1 872914
+9 +1 872914
+9 +1 872914
+4 +1 872914
+4 +1 872914
+4 +1 872914
+4 +1 872914
+4 +1 872914
+4 +1 872914
+4 +1 872914
+4 +1 872914
+9 +1 872914
+5 +1 872914
+5 +1 872914
+5 +1 872914
+5 +1 872914
+5 +1 872914
+5 +1 872914
+9 +1 872914
+5 +1 872914
+4 +1 872914
+4 +1 872914
+4 +1 872914
+4 +1 872914
+9 +1 872914
+5 +1 872914
+5 +1 872914
+4 +1 872914
+5 +1 872914
+5 +1 872914
+4 +1 872914
+5 +1 872914
0x1009279 -38 6546945
+5 +1 6546945
+4 +1 6546945
+5 +1 6546945
+5 +1 6546945
+4 +1 6546945
+5 +1 6546945
+6 +1 6546945
+9 +1 6546945
+9 +1 6546945
+4 +1 6546945
+4 +1 6546945
+4 +1 6546945
+4 +1 6546945
+4 +1 6546945
+4 +1 6546945
+4 +1 6546945
+4 +1 6546945
+9 +1 6546945
+5 +1 6546945
+5 +1 6546945
+5 +1 6546945
+5 +1 6546945
+5 +1 6546945
+5 +1 6546945
+9 +1 6546945
+5 +1 6546945
+4 +1 6546945
+4 +1 6546945
+4 +1 6546945
+4 +1 6546945
+9 +1 6546945
+5 +1 6546945
+5 +1 6546945
+4 +1 6546945
+5 +1 6546945
+5 +1 6546945
+4 +1 6546945
+5 +1 6546945
+5 +1 6546945
+4 +1 6546945
+5 +1 6546945
+5 +1 6546945
+4 +1 6546945
+9 +1 6546945
+9 +1 6546945
+9 +1 6546945
+9 +1 6546945
+4 +1 6546945
+4 +1 6546945
+4 +1 6546945
+4 +1 6546945
+4 +1 6546945
+4 +1 6546945
+4 +1 6546945
+4 +1 6546945
+9 +1 6546945
+5 +1 6546945
+5 +1 6546945
+5 +1 6546945
0x1009341 -20 872914
+4 +1 872914
+5 +1 872914
+5 +1 872914
+4 +1 872914
+9 +1 872914
+9 +1 872914
+9 +1 872914
+9 +1 872914
+4 +1 872914
+4 +1 872914
+4 +1 872914
+4 +1 872914
+4 +1 872914
+4 +1 872914
+4 +1 872914
+4 +1 872914
+9 +1 872914
+5 +1 872914
+5 +1 872914
+5 +1 872914
+5 +1 872914
+9 +1 872914
+5 +1 872914
+5 +1 872914
+5 +1 872914
+4 +1 872914
+4 +1 872914
+4 +1 872914
+4 +1 872914
+9 +1 872914
+5 +1 872914
+5 +1 872914
+4 +1 872914
+5 +1 872914
+5 +1 872914
+4 +1 872914
+5 +1 872914
+5 +1 872914
+4 +1 872914
+5 +1 872914
+5 +1 872914
+4 +1 872914
+9 +1 872914
+9 +1 872914
+9 +1 872914
+9 +1 872914
+4 +1 872914
+4 +1 872914
+4 +1 872914
+4 +1 872914
+4 +1 872914
+4 +1 872914
+4 +1 872914
+4 +1 872914
+9 +1 872914
+5 +1 872914
+5 +1 872914
+5 +1 872914
+5 +1 872914
0x10093b4 -38 6546945
+9 +1 6546945
+5 +1 6546945
+5 +1 6546945
+5 +1 6546945
+4 +1 6546945
+4 +1 6546945
+4 +1 6546945
+4 +1 6546945
+9 +1 6546945
+5 +1 6546945
+5 +1 6546945
+4 +1 6546945
+5 +1 6546945
+5 +1 6546945
+4 +1 6546945
+5 +1 6546945
+5 +1 6546945
+4 +1 6546945
+5 +1 6546945
+5 +1 6546945
+4 +1 6546945
+9 +1 6546945
+9 +1 6546945
+9 +1 6546945
+9 +1 6546945
+4 +1 6546945
+4 +1 6546945
+4 +1 6546945
+4 +1 6546945
+4 +1 6546945
+4 +1 6546945
+4 +1 6546945
+4 +1 6546945
+9 +1 6546945
+5 +1 6546945
+5 +1 6546945
+5 +1 6546945
+5 +1 6546945
+9 +1 6546945
+5 +1 6546945
+5 +1 6546945
+5 +1 6546945
+4 +1 6546945
+4 +1 6546945
+4 +1 6546945
+4 +1 6546945
+9 +1 6546945
+5 +1 6546945
+5 +1 6546945
+4 +1 6546945
+5 +1 6546945
+5 +1 6546945
+4 +1 6546945
+5 +1 6546945
+5 +1 6546945
+4 +1 6546945
+5 +1 6546945
+5 +1 6546945
+4 +1 6546945
-96 -20 872914
+5 +1 872914
+5 +1 872914
+5 +1 872914
+4 +1 872914
+4 +1 872914
+4 +1 872914
+4 +1 872914
+9 +1 872914
+5 +1 872914
+5 +1 872914
+4 +1 872914
+5 +1 872914
+5 +1 872914
+4 +1 872914
+5 +1 872914
+5 +1 872914
+4 +1 872914
+5 +1 872914
+5 +1 872914
+4 +1 872914
+9 +1 872914
+9 +1 872914
+5 +1 872914
+9 +1 872914
+4 +1 872914
+4 +1 872914
+4 +1 872914
+4 +1 872914
+4 +1 872914
+4 +1 872914
+4 +1 872914
+4 +1 872914
+9 +1 872914
+5 +1 872914
+5 +1 872914
+5 +1 872914
+5 +1 872914
+5 +1 872914
+5 +1 872914
+9 +1 872914
+5 +1 872914
+4 +1 872914
+4 +1 872914
+4 +1 872914
+4 +1 872914
+9 +1 872914
+5 +1 872914
+5 +1 872914
+4 +1 872914
+5 +1 872914
+5 +1 872914
+4 +1 872914
+5 +1 872914
+5 +1 872914
+4 +1 872914
+5 +1 872914
+5 +1 872914
+4 +1 872914
+6 +1 872914
0x10094f0 -38 6546945
+9 +1 6546945
+5 +1 6546945
+9 +1 6546945
+4 +1 6546945
+4 +1 6546945
+4 +1 6546945
+4 +1 6546945
+4 +1 6546945
+4 +1 6546945
+4 +1 6546945
+4 +1 6546945
+9 +1 6546945
+5 +1 6546945
+5 +1 6546945
+5 +1 6546945
+5 +1 6546945
+5 +1 6546945
+5 +1 6546945
+9 +1 6546945
+5 +1 6546945
+4 +1 6546945
+4 +1 6546945
+4 +1 6546945
+4 +1 6546945
+9 +1 6546945
+5 +1 6546945
+5 +1 6546945
+4 +1 6546945
+5 +1 6546945
+5 +1 6546945
+4 +1 6546945
+5 +1 6546945
+5 +1 6546945
+4 +1 6546945
+5 +1 6546945
+5 +1 6546945
+4 +1 6546945
+6 +1 6546945
+6 +1 6546945
+6 +1 6546945
+9 +1 6546945
+4 +1 6546945
+4 +1 6546945
+4 +1 6546945
+4 +1 6546945
+4 +1 6546945
+4 +1 6546945
+4 +1 6546945
+4 +1 6546945
+9 +1 6546945
+5 +1 6546945
+5 +1 6546945
+5 +1 6546945
+5 +1 6546945
+5 +1 6546945
+5 +1 6546945
+9 +1 6546945
+5 +1 6546945
+4 +1 6546945
0x10095b9 -20 872914
+6 +1 872914
+9 +1 872914
+4 +1 872914
+4 +1 872914
+4 +1 872914
+4 +1 872914
+4 +1 872914
+4 +1 872914
+4 +1 872914
+4 +1 872914
+9 +1 872914
+5 +1 872914
+5 +1 872914
+5 +1 872914
+5 +1 872914
+5 +1 872914
+5 +1 872914
+9 +1 872914
+5 +1 872914
+4 +1 872914
+4 +1 872914
+4 +1 872914
+4 +1 872914
+9 +1 872914
+5 +1 872914
+5 +1 872914
+4 +1 872914
+5 +1 872914
+5 +1 872914
+4 +1 872914
+5 +1 872914
+5 +1 872914
+4 +1 872914
+5 +1 872914
+5 +1 872914
+4 +1 872914
+9 +1 872914
+9 +1 872914
+9 +1 872914
+9 +1 872914
+4 +1 872914
+4 +1 872914
+4 +1 872914
+4 +1 872914
+4 +1 872914
+4 +1 872914
+4 +1 872914
+4 +1 872914
+9 +1 872914
+5 +1 872914
+5 +1 872914
+5 +1 872914
+5 +1 872914
+9 +1 872914
+5 +1 872914
+5 +1 872914
+5 +1 872914
+4 +1 872914
+4 +1 872914
0x1009625 -38 6546945
+4 +1 6546945
+4 +1 6546945
+9 +1 6546945
+5 +1 6546945
+5 +1 6546945
+4 +1 6546945
+5 +1 6546945
+5 +1 6546945
+4 +1 6546945
+5 +1 6546945
+5 +1 6546945
+4 +1 6546945
+5 +1 6546945
+5 +1 6546945
+4 +1 6546945
+9 +1 6546945
+9 +1 6546945
+9 +1 6546945
+9 +1 6546945
+4 +1 6546945
+4 +1 6546945
+4 +1 6546945
+4 +1 6546945
+4 +1 6546945
+4 +1 6546945
+4 +1 6546945
+4 +1 6546945
+9 +1 6546945
+5 +1 6546945
+5 +1 6546945
+5 +1 6546945
+5 +1 6546945
+9 +1 6546945
+5 +1 6546945
+5 +1 6546945
+5 +1 6546945
+4 +1 6546945
+4 +1 6546945
+4 +1 6546945
+4 +1 6546945
+9 +1 6546945
+5 +1 6546945
+5 +1 6546945
+4 +1 6546945
+5 +1 6546945
+5 +1 6546945
+4 +1 6546945
+5 +1 6546945
+5 +1 6546945
+4 +1 6546945
+5 +1 6546945
+5 +1 6546945
+4 +1 6546945
+9 +1 6546945
+9 +1 6546945
+9 +1 6546945
+6 +1 6546945
+4 +1 6546945
+4 +1 6546945
0x10096f3 -20 872914
+4 +1 872914
+9 +1 872914
+5 +1 872914
+5 +1 872914
+4 +1 872914
+5 +1 872914
+5 +1 872914
+4 +1 872914
+5 +1 872914
+5 +1 872914
+4 +1 872914
+5 +1 872914
+5 +1 872914
+4 +1 872914
+9 +1 872914
+9 +1 872914
+9 +1 872914
+6 +1 872914
+4 +1 872914
+4 +1 872914
+4 +1 872914
+4 +1 872914
+4 +1 872914
+4 +1 872914
+4 +1 872914
+4 +1 872914
+9 +1 872914
+5 +1 872914
+5 +1 872914
+5 +1 872914
+5 +1 872914
+9 +1 872914
+5 +1 872914
+5 +1 872914
+5 +1 872914
+4 +1 872914
+4 +1 872914
+4 +1 872914
+4 +1 872914
+9 +1 872914
+5 +1 872914
+5 +1 872914
+4 +1 872914
+5 +1 872914
+5 +1 872914
+4 +1 872914
+5 +1 872914
+5 +1 872914
+4 +1 872914
+5 +1 872914
+5 +1 872914
+4 +1 872914
+9 +1 872914
+5 +1 872914
+6 +1 872914
+9 +1 872914
+4 +1 872914
+4 +1 872914
+4 +1 872914
0x1009765 -38 6546945
+4 +1 6546945
+4 +1 6546945
+4 +1 6546945
+4 +1 6546945
+4 +1 6546945
+9 +1 6546945
+5 +1 6546945
+5 +1 6546945
+5 +1 6546945
+5 +1 6546945
+9 +1 6546945
+5 +1 6546945
+5 +1 6546945
+5 +1 6546945
+4 +1 6546945
+4 +1 6546945
+4 +1 6546945
+4 +1 6546945
+9 +1 6546945
+5 +1 6546945
+5 +1 6546945
+4 +1 6546945
+5 +1 6546945
+5 +1 6546945
+4 +1 6546945
+5 +1 6546945
+5 +1 6546945
+4 +1 6546945
+5 +1 6546945
+5 +1 6546945
+4 +1 6546945
+9 +1 6546945
+5 +1 6546945
+6 +1 6546945
+9 +1 6546945
+4 +1 6546945
+4 +1 6546945
+4 +1 6546945
+4 +1 6546945
+4 +1 6546945
+4 +1 6546945
+4 +1 6546945
+4 +1 6546945
+9 +1 6546945
+5 +1 6546945
+5 +1 6546945
+5 +1 6546945
+5 +1 6546945
+5 +1 6546945
+5 +1 6546945
+9 +1 6546945
+5 +1 6546945
+4 +1 6546945
+4 +1 6546945
+4 +1 6546945
+4 +1 6546945
+9 +1 6546945
+5 +1 6546945
+5 +1 6546945
0x100982c -20 872914
+4 +1 872914
+4 +1 872914
+4 +1 872914
+4 +1 872914
+9 +1 872914
+5 +1 872914
+5 +1 872914
+5 +1 872914
+5 +1 872914
+5 +1 872914
+5 +1 872914
+9 +1 872914
+5 +1 872914
+4 +1 872914
+4 +1 872914
+4 +1 872914
+4 +1 872914
+9 +1 872914
+5 +1 872914
+5 +1 872914
+4 +1 872914
+5 +1 872914
+5 +1 872914
+4 +1 872914
+5 +1 872914
+5 +1 872914
+4 +1 872914
+5 +1 872914
+5 +1 872914
+4 +1 872914
+6 +1 872914
+9 +1 872914
+9 +1 872914
+9 +1 872914
+4 +1 872914
+4 +1 872914
+4 +1 872914
+4 +1 872914
+4 +1 872914
+4 +1 872914
+4 +1 872914
+4 +1 872914
+9 +1 872914
+5 +1 872914
+5 +1 872914
+5 +1 872914
+5 +1 872914
+5 +1 872914
+5 +1 872914
+9 +1 872914
+5 +1 872914
+4 +1 872914
+4 +1 872914
+4 +1 872914
+4 +1 872914
+9 +1 872914
+5 +1 872914
+5 +1 872914
+4 +1 872914
0x1009898 -38 6546945
+5 +1 6546945
+5 +1 6546945
+4 +1 6546945
+5 +1 6546945
+5 +1 6546945
+4 +1 6546945
+5 +1 6546945
+5 +1 6546945
+4 +1 6546945
+6 +1 6546945
+9 +1 6546945
+9 +1 6546945
+9 +1 6546945
+4 +1 6546945
+4 +1 6546945
+4 +1 6546945
+4 +1 6546945
+4 +1 6546945
+4 +1 6546945
+4 +1 6546945
+4 +1 6546945
+9 +1 6546945
+5 +1 6546945
+5 +1 6546945
+5 +1 6546945
+5 +1 6546945
+5 +1 6546945
+5 +1 6546945
+9 +1 6546945
+5 +1 6546945
+4 +1 6546945
+4 +1 6546945
+4 +1 6546945
+4 +1 6546945
+9 +1 6546945
+5 +1 6546945
+5 +1 6546945
+4 +1 6546945
+5 +1 6546945
+5 +1 6546945
+4 +1 6546945
+5 +1 6546945
+5 +1 6546945
+4 +1 6546945
+5 +1 6546945
+5 +1 6546945
+4 +1 6546945
+9 +1 6546945
+9 +1 6546945
+6 +1 6546945
+9 +1 6546945
+4 +1 6546945
+4 +1 6546945
+4 +1 6546945
+4 +1 6546945
+4 +1 6546945
+4 +1 6546945
+4 +1 6546945
+4 +1 6546945
0x1009964 -20 872914
+5 +1 872914
+4 +1 872914
+5 +1 872914
+5 +1 872914
+4 +1 872914
+5 +1 872914
+5 +1 872914
+4 +1 872914
+9 +1 872914
+9 +1 872914
+6 +1 872914
+9 +1 872914
+4 +1 872914
+4 +1 872914
+4 +1 872914
+4 +1 872914
+4 +1 872914
+4 +1 872914
+4 +1 872914
+4 +1 872914
+9 +1 872914
+5 +1 872914
+5 +1 872914
+5 +1 872914
+5 +1 872914
+9 +1 872914
+5 +1 872914
+5 +1 872914
+5 +1 872914
+4 +1 872914
+4 +1 872914
+4 +1 872914
+4 +1 872914
+9 +1 872914
+5 +1 872914
+5 +1 872914
+4 +1 872914
+5 +1 872914
+5 +1 872914
+4 +1 872914
+5 +1 872914
+5 +1 872914
+4 +1 872914
+5 +1 872914
+5 +1 872914
+4 +1 872914
+9 +1 872914
+5 +1 872914
+9 +1 872914
+9 +1 872914
+4 +1 872914
+4 +1 872914
+4 +1 872914
+4 +1 872914
+4 +1 872914
+4 +1 872914
+4 +1 872914
+4 +1 872914
+9 +1 872914
0x10099d3 -38 6546945
+5 +1 6546945
+5 +1 6546945
+5 +1 6546945
+5 +1 6546945
+9 +1 6546945
+5 +1 6546945
+5 +1 6546945
+5 +1 6546945
+4 +1 6546945
+4 +1 6546945
+4 +1 6546945
+4 +1 6546945
+9 +1 6546945
+5 +1 6546945
+5 +1 6546945
+4 +1 6546945
+5 +1 6546945
+5 +1 6546945
+4 +1 6546945
+5 +1 6546945
+5 +1 6546945
+4 +1 6546945
+5 +1 6546945
+5 +1 6546945
+4 +1 6546945
+9 +1 6546945
+5 +1 6546945
+9 +1 6546945
+9 +1 6546945
+4 +1 6546945
+4 +1 6546945
+4 +1 6546945
+4 +1 6546945
+4 +1 6546945
+4 +1 6546945
+4 +1 6546945
+4 +1 6546945
+9 +1 6546945
+5 +1 6546945
+5 +1 6546945
+5 +1 6546945
+5 +1 6546945
+9 +1 6546945
+5 +1 6546945
+5 +1 6546945
+5 +1 6546945
+4 +1 6546945
+4 +1 6546945
+4 +1 6546945
+4 +1 6546945
+9 +1 6546945
+5 +1 6546945
+5 +1 6546945
+4 +1 6546945
+5 +1 6546945
+5 +1 6546945
+4 +1 6546945
+5 +1 6546945
+5 +1 6546945
0x1009a9e -20 872914
+5 +1 872914
+5 +1 872914
+5 +1 872914
+9 +1 872914
+5 +1 872914
+5 +1 872914
+5 +1 872914
+4 +1 872914
+4 +1 872914
+4 +1 872914
+4 +1 872914
+9 +1 872914
+5 +1 872914
+5 +1 872914
+4 +1 872914
+5 +1 872914
+5 +1 872914
+4 +1 872914
+5 +1 872914
+5 +1 872914
+4 +1 872914
+5 +1 872914
+5 +1 872914
+4 +1 872914
+9 +1 872914
+6 +1 872914
+6 +1 872914
+9 +1 872914
+4 +1 872914
+4 +1 872914
+4 +1 872914
+4 +1 872914
+4 +1 872914
+4 +1 872914
+4 +1 872914
+4 +1 872914
+9 +1 872914
+5 +1 872914
+5 +1 872914
+5 +1 872914
+5 +1 872914
+5 +1 872914
+5 +1 872914
+9 +1 872914
+5 +1 872914
+4 +1 872914
+4 +1 872914
+4 +1 872914
+4 +1 872914
+9 +1 872914
+5 +1 872914
+5 +1 872914
+4 +1 872914
+5 +1 872914
+5 +1 872914
+4 +1 872914
+5 +1 872914
+5 +1 872914
+4 +1 872914
0x1009b08 -38 6546945
+5 +1 6546945
+5 +1 6546945
+4 +1 6546945
+9 +1 6546945
+6 +1 6546945
+6 +1 6546945
+9 +1 6546945
+4 +1 6546945
+4 +1 6546945
+4 +1 6546945
+4 +1 6546945
+4 +1 6546945
+4 +1 6546945
+4 +1 6546945
+4 +1 6546945
+9 +1 6546945
+5 +1 6546945
+5 +1 6546945
+5 +1 6546945
+5 +1 6546945
+5 +1 6546945
+5 +1 6546945
+9 +1 6546945
+5 +1 6546945
+4 +1 6546945
+4 +1 6546945
+4 +1 6546945
+4 +1 6546945
+9 +1 6546945
+5 +1 6546945
+5 +1 6546945
+4 +1 6546945
+5 +1 6546945
+5 +1 6546945
+4 +1 6546945
+5 +1 6546945
+5 +1 6546945
+4 +1 6546945
+5 +1 6546945
+5 +1 6546945
+4 +1 6546945
+9 +1 6546945
+9 +1 6546945
+9 +1 6546945
+9 +1 6546945
+4 +1 6546945
+4 +1 6546945
+4 +1 6546945
+4 +1 6546945
+4 +1 6546945
+4 +1 6546945
+4 +1 6546945
+4 +1 6546945
+9 +1 6546945
+5 +1 6546945
+5 +1 6546945
+5 +1 6546945
+5 +1 6546945
+5 +1 6546945
0x1009bd1 -20 872914
+5 +1 872914
+4 +1 872914
+9 +1 872914
+9 +1 872914
+9 +1 872914
+9 +1 872914
+4 +1 872914
+4 +1 872914
+4 +1 872914
+4 +1 872914
+4 +1 872914
+4 +1 872914
+4 +1 872914
+4 +1 872914
+9 +1 872914
+5 +1 872914
+5 +1 872914
+5 +1 872914
+5 +1 872914
+5 +1 872914
+5 +1 872914
+9 +1 872914
+5 +1 872914
+4 +1 872914
+4 +1 872914
+4 +1 872914
+4 +1 872914
+4 +1 872914
+4 +1 872914
+4 +1 872914
+4 +1 872914
+5 +1 872914
+5 +1 872914
+4 +1 872914
+5 +1 872914
+5 +1 872914
+4 +1 872914
+5 +1 872914
+5 +1 872914
+4 +1 872914
+5 +1 872914
+5 +1 872914
+4 +1 872914
+4 +1 872914
+4 +1 872914
+4 +1 872914
+4 +1 872914
+4 +1 872914
0x1009c45 -27 6546945
+9 +1 6546945
+5 +1 6546945
+4 +1 6546945
+4 +1 6546945
+4 +1 6546945
+4 +1 6546945
+4 +1 6546945
+4 +1 6546945
+4 +1 6546945
+4 +1 6546945
+5 +1 6546945
+5 +1 6546945
+4 +1 6546945
+5 +1 6546945
+5 +1 6546945
+4 +1 6546945
+5 +1 6546945
+5 +1 6546945
+4 +1 6546945
+5 +1 6546945
+5 +1 6546945
+4 +1 6546945
+4 +1 6546945
+4 +1 6546945
+4 +1 6546945
+4 +1 6546945
+4 +1 6546945
+6 +1 872914
+4 +1 872914
+4 +1 872914
+4 +1 872914
+4 +1 872914
+4 +1 872914
+4 +1 872914
+6 +1 872914
+6 +1 872914
+5 +1 872914
+4 +1 872914
+6 +1 872914
+6 +1 872914
+6 +1 872914
+4 +1 872914
+4 +1 872914
+6 +1 872914
+4 +1 872914
+6 +1 872914
+5 +1 872914
+6 +1 872914
+6 +1 872914
+6 +1 872914
+6 +1 872914
+6 +1 872914
+6 +1 872914
+5 +1 872914
+6 +1 872914
+6 +1 872914
+5 +1 872914
+6 +1 872914
+6 +1 872914
+8 +1 872914
+6 +1 872914
+6 +1 872914
+8 +1 872914
+8 +1 872914
+8 +1 872914
+9 +1 872914
+9 +1 872914
+9 +1 872914
+8 +1 872914
+8 +1 872914
+4 +1 872914
+9 +1 872914
+4 +1 872914
+9 +1 872914
+4 +1 872914
+7 +1 872914
+4 +1 872914
+4 +1 872914
+4 +1 872914
+6 +1 872914
+3 +1 872914
+2 +2 872938
+3 +1 872938
+3 +1 872938
+1 +1 872938
+1 +1 872938
+2 +1 872938
+2 +1 872938
+2 +1 872938
+2 +1 872938
+22 +3 24
+4 +1 24
+8 +1 24
+5 +1 24
+5 +1 24
+7 +1 24
+6 +1 12
+5 +1 12
+6 +1 12
+4 +1 12
+4 +1 12
+10 +1 12
+10 +1 12
+5 +1 12
+5 +1 12
+6 +1 12
+6 +1 12
+9 +1 12
+6 +1 12
+6 +1 12
+5 +1 12
+6 +1 12
+3 +1 12
+4 +1 12
+4 +1 12
+4 +1 12
+4 +1 12
+3 +1 12
+2 * 12
+8 +3 12
+3 +1 12
+3 +1 12
+4 +1 12
+3 +1 12
+4 +1 12
+7 +1 12
+7 +1 12
+8 +1 12
+7 +1 12
+8 +1 12
+5 +1 12
+5 +1 12
+7 +1 12
+8 +1 12
+7 +1 12
+8 +1 12
+5 +1 12
+5 +1 12
+5 +1 12
+5 +1 12
+7 +1 12
+8 +1 12
+7 +1 12
+8 +1 12
+6 +1 12
+6 +1 12
+7 +1 12
+8 +1 12
+7 +1 12
+8 +1 12
+6 +1 12
+6 +1 12
+6 +1 12
+6 +1 12
+9 +1 12
+9 +1 12
+9 +1 12
+9 +1 12
+10 +1 12
+5 +1 12
+6 +1 12
+6 +1 12
+6 +1 12
+9 +1 12
+4 +1 12
+2 +2 12
+4 +1 12
+5 +1 12
+6 +1 12
+1 +1 12
+6 +1 12
+1 +1 12
+4 +1 12
+5 +1 12
+4 +1 12
+5 +1 12
+9 +1 12
+5 +1 12
+5 +1 12
+4 +1 12
+5 +1 12
+4 +1 12
+5 +1 12
+5 +1 12
+5 +1 12
+4 +1 12
+6 +1 12
+6 +1 12
+4 +1 12
+4 +1 12
+5 +1 12
+4 +1 12
+5 +1 12
+9 +1 12
+9 +1 12
+4 +1 12
+5 +1 12
+9 +1 12
+5 +1 12
+5 +1 12
+4 +1 12
+5 +1 12
+4 +1 12
+5 +1 12
+5 +1 12
+5 +1 12
+4 +1 12
+6 +1 12
+6 +1 12
+4 +1 12
+5 +1 12
+6 +1 12
+5 +1 12
+6 +1 12
+5 +1 12
+6 +1 12
0x1009fe6 -50 72
+4 +1 72
+5 +1 72
+6 +1 72
+1 +1 72
+6 +1 72
+1 +1 72
+4 +1 72
+5 +1 72
+4 +1 72
+5 +1 72
+9 +1 72
+5 +1 72
+5 +1 72
+4 +1 72
+5 +1 72
+4 +1 72
+5 +1 72
+5 +1 72
+5 +1 72
+4 +1 72
+6 +1 72
+6 +1 72
+4 +1 72
+4 +1 72
+5 +1 72
+4 +1 72
+5 +1 72
+9 +1 72
+9 +1 72
+4 +1 72
+5 +1 72
+9 +1 72
+5 +1 72
+5 +1 72
+4 +1 72
+5 +1 72
+4 +1 72
+5 +1 72
+5 +1 72
+5 +1 72
+4 +1 72
+6 +1 72
+6 +1 72
+4 +1 72
+5 +1 72
+6 +1 72
+5 +1 72
+6 +1 72
+5 +1 72
+6 +1 72
+4 +1 72
+5 +1 72
+4 +1 72
+5 +1 72
+4 +1 72
+5 +1 72
+9 +1 72
+5 +1 72
+5 +1 72
-42 -8 12
+5 +1 12
+4 +1 12
+5 +1 12
+4 +1 12
+5 +1 12
+9 +1 12
+5 +1 12
+5 +1 12
+4 +1 12
+5 +1 12
+4 +1 12
+5 +1 12
+5 +1 12
+5 +1 12
+4 +1 12
+6 +1 12
+6 +1 12
+4 +1 12
+4 +1 12
+5 +1 12
+4 +1 12
+5 +1 12
+4 +1 12
+5 +1 12
+9 +1 12
+5 +1 12
+5 +1 12
+4 +1 12
+5 +1 12
+4 +1 12
+5 +1 12
+5 +1 12
+5 +1 12
+4 +1 12
+6 +1 12
+6 +1 12
+4 +1 12
+5 +1 12
+6 +1 12
+5 +1 12
+6 +1 12
+5 +1 12
+6 +1 12
+2 +1 12
0x100a115 -35 72
+5 +1 72
+4 +1 72
+5 +1 72
+5 +1 72
+5 +1 72
+4 +1 72
+6 +1 72
+6 +1 72
+4 +1 72
+4 +1 72
+5 +1 72
+4 +1 72
+5 +1 72
+4 +1 72
+5 +1 72
+9 +1 72
+5 +1 72
+5 +1 72
+4 +1 72
+5 +1 72
+4 +1 72
+5 +1 72
+5 +1 72
+5 +1 72
+4 +1 72
+6 +1 72
+6 +1 72
+4 +1 72
+5 +1 72
+6 +1 72
+5 +1 72
+6 +1 72
+5 +1 72
+6 +1 72
+2 +1 72
+6 +1 72
+6 +1 72
+9 +1 72
+5 +1 72
+5 +1 72
+6 +1 72
+5 +1 72
+6 +1 72
+4 +1 72
+6 +1 72
+6 +1 72
+4 +1 72
+4 +1 72
+5 +1 72
+6 +1 72
+9 +1 72
+6 +1 72
+9 +1 72
+6 +1 72
+6 +1 72
+5 +1 72
+6 +1 72
+6 +1 72
+5 +1 72
+6 +1 72
+5 +1 72
+5 +1 72
+5 +1 72
+6 +1 72
+4 +1 72
+4 +1 72
+6 +1 72
+9 +1 72
+5 +2 12
+4 +1 12
+4 +1 12
+5 +1 12
+5 +1 12
+3 +1 12
+3 +1 12
+6 +1 12
+4 +1 12
+5 +1 12
+7 +1 12
+7 +1 12
+5 +1 12
+5 +1 12
+7 +1 12
+7 +1 12
+9 +1 12
+9 +1 12
+9 +1 12
+9 +1 12
+9 +1 12
+6 +1 12
+6 +1 12
+9 +1 12
+9 +1 12
+7 +1 12
+4 +1 12
+4 +2 12
+7 +1 12
-7 -1 12
+7 +1 12
+6 +1 12
+5 +1 12
+6 +1 12
+9 +1 12
+11 +1 12
+10 +1 12
+9 +1 12
+11 +1 12
+10 +1 12
+6 +1 12
+9 +1 12
+9 +1 12
+3 +1 12
+4 +1 12
+4 +1 12
+3 +1 12
+2 * 12
+10 * 12
+10 * 12
+3 +3 12
+3 +1 12
+3 +1 12
+4 +1 12
+3 +1 12
+4 +1 12
+7 +1 12
+9 +1 12
+10 +1 12
+6 +1 12
+7 +1 12
+8 +1 12
+7 +1 12
+8 +1 12
+6 +1 12
+6 +1 12
+7 +1 12
+8 +1 12
+7 +1 12
+8 +1 12
+6 +1 12
+6 +1 12
+5 +1 12
+5 +1 12
+2 +2 12
+4 +1 12
+4 +1 12
+4 +1 12
+5 +1 12
+4 +1 12
+4 +1 12
+5 +1 12
+5 +1 12
+4 +1 12
+4 +1 12
+4 +1 12
+4 +1 12
+5 +1 12
+4 +1 12
+4 +1 12
+5 +1 12
-69 -16 72
+4 +1 72
+4 +1 72
+4 +1 72
+5 +1 72
+4 +1 72
+4 +1 72
+5 +1 72
+5 +1 72
+4 +1 72
+4 +1 72
+4 +1 72
+4 +1 72
+5 +1 72
+4 +1 72
+4 +1 72
+5 +1 72
+5 +1 72
+4 +1 72
+5 +1 72
+5 +1 72
+5 +1 72
+4 +1 72
+4 +1 72
+4 +1 72
+5 +1 72
+4 +1 72
+4 +1 72
+5 +1 72
+5 +1 72
+4 +1 72
+4 +1 72
+4 +1 72
+4 +1 72
+5 +1 72
+4 +1 72
+4 +1 72
+5 +1 72
+5 +1 72
+4 +1 72
+5 +1 72
+5 +1 72
+5 +1 72
+2 +1 72
0x100a49b -26 12
+4 +1 12
+5 +1 12
+5 +1 12
+5 +1 12
+4 +1 12
+4 +1 12
+4 +1 12
+5 +1 12
+4 +1 12
+4 +1 12
+5 +1 12
+5 +1 12
+4 +1 12
+4 +1 12
+4 +1 12
+4 +1 12
+5 +1 12
+4 +1 12
+4 +1 12
+5 +1 12
+5 +1 12
+4 +1 12
+5 +1 12
+5 +1 12
+5 +1 12
+2 +1 12
+2 +1 72
+5 +1 72
+5 +1 72
+6 +1 72
+5 +1 72
+6 +1 72
+4 +1 72
+6 +1 72
+6 +1 72
+4 +1 72
+4 +1 72
+5 +1 72
+4 +1 72
+4 +1 72
+5 +2 12
+4 +1 12
+4 +1 12
+3 +1 12
+3 +1 12
+6 +1 12
+4 +1 12
+5 +1 12
+7 +1 12
+7 +1 12
+9 +1 12
+9 +1 12
+9 +1 12
+9 +1 12
+9 +1 12
+6 +1 12
+6 +1 12
+9 +1 12
+9 +1 12
+4 +1 12
+4 +1 12
+4 +2 12
+7 +1 12
-7 -1 12
+7 +1 12
fe=(2)
0x100e1d0 252 872938
+1 * 872938
+3 * 872938
+2 * 872938
+2 * 872938
+2 * 872938
+2 * 872938
+1 * 872938
+4 * 872938
+3 * 872938
+4 * 872938
+4 * 872938
+4 * 872938
+5 * 872938
+5 * 872938
+4 * 872938
+3 118 872938
+7 +1 872938
+7 * 872938
0x100e29e 265 872938
+4 * 872938
0x100e3e3 +1 872938
+4 0 872938
+4 0 872938
+4 266 872938
+3 * 872938
+4 * 872938
+1 * 872938
+2 * 872938
+2 * 872938
+2 * 872938
+2 * 872938
+1 * 872938

fn=(152)
fi=(6)
0x1008140 1894 1
+3 +1 1
+4 +1 1
+7 +1 1
+4 +1 1
+3 +1 1
+4 +1 1
+3 +1 1
+5 +1 1
+5 +1 1
+4 +1 1
+3 +1 1
+4 +1 1
+4 +1 1
+4 +1 1
+5 +1 1
+4 +1 1
+4 +1 1
+4 +1 1
+4 +1 1
+4 +1 1
+5 +1 1
+5 +1 1
+6 +1 1
+8 +1 1
+8 +1 1
+2 +2 1
+4 +1 1
+4 +1 1
+4 +1 1
+6 +1 1
+4 +1 1
+4 +1 1
+5 +1 1
+5 +1 1
+6 +1 1
+5 +1 1
+4 +1 1
+4 +1 1
+4 +1 1
+6 +1 1
+4 +1 1
+4 +1 1
+5 +1 1
+5 +1 1
+6 +1 1
+5 +1 1
+5 +1 1
+5 +1 1
+5 +1 1
+4 +1 1
+4 +1 1
+4 +1 1
+6 +1 1
+4 +1 1
+4 +1 1
+5 +1 1
+5 +1 1
+6 +1 1
+5 +1 1
0x10081b4 -33 6
+4 +1 6
+4 +1 6
+4 +1 6
+6 +1 6
+4 +1 6
+4 +1 6
+5 +1 6
+5 +1 6
+6 +1 6
+5 +1 6
+4 +1 6
+4 +1 6
+4 +1 6
+6 +1 6
+4 +1 6
+4 +1 6
+5 +1 6
+5 +1 6
+6 +1 6
+5 +1 6
+5 +1 6
+5 +1 6
+5 +1 6
+4 +1 6
+4 +1 6
+4 +1 6
+6 +1 6
+4 +1 6
+4 +1 6
+5 +1 6
+5 +1 6
+6 +1 6
+5 +1 6
+4 +1 6
+4 +1 6
+4 +1 6
+6 +1 6
+4 +1 6
+4 +1 6
+5 +1 6
+5 +1 6
+6 +1 6
+5 +1 6
+5 +1 6
+5 +1 6
+5 +1 6
+2 +1 6
-60 -13 1
+4 +1 1
+4 +1 1
+6 +1 1
+4 +1 1
+4 +1 1
+5 +1 1
+5 +1 1
+6 +1 1
+5 +1 1
+5 +1 1
+5 +1 1
+5 +1 1
+2 +1 1
+2 +1 6
+5 +1 6
+5 +1 6
+6 +1 6
+6 +1 6
+5 +1 6
+5 +1 6
+7 +1 6
+5 +1 6
+5 +1 6
+7 +1 6
+6 +1 6
+4 +1 6
+4 +1 6
+5 +1 6
+5 +1 6
+5 +1 6
+5 +2 1
+4 +1 1
+5 +1 1
+4 +1 1
+4 +1 1
+4 +1 1
+4 +1 1
+4 +1 1
+5 +1 1
+5 +1 1
+5 +1 1
fe=(2)
0x100d150 200 1
+1 * 1
+3 * 1
+2 * 1
+2 * 1
+2 * 1
+2 * 1
+1 * 1
+1 * 1
+3 * 1
+3 * 1
+3 -82 1
+7 +1 1
+7 * 1
0x100d20a +92 1
+4 * 1
0x100e18c +1 1
+4 * 1
+4 * 1
+2 * 1
+3 * 1
+4 * 1
+1 * 1
+2 * 1
+2 * 1
+2 * 1
+2 * 1
+1 * 1

fn=(146)
fi=(6)
0x1007f80 1793 16
+3 +1 16
+4 +1 16
+7 +1 16
+4 +1 16
+3 +1 16
+5 +1 16
+5 +1 16
+4 +1 16
+3 +1 16
+4 +1 16
+4 +1 16
+4 +1 16
+5 +1 16
+4 +1 16
+4 +1 16
+4 +1 16
+4 +1 16
+4 +1 16
+5 +1 16
+5 +1 16
+6 +1 16
+8 +1 16
+8 +1 16
+2 +2 16
+4 +1 16
+4 +1 16
+4 +1 16
+6 +1 16
+4 +1 16
+4 +1 16
+5 +1 16
+5 +1 16
+6 +1 16
+5 +1 16
+4 +1 16
+4 +1 16
+4 +1 16
+6 +1 16
+4 +1 16
+4 +1 16
+5 +1 16
+5 +1 16
+6 +1 16
+5 +1 16
+5 +1 16
+5 +1 16
+5 +1 16
+4 +1 16
+4 +1 16
+4 +1 16
+6 +1 16
+4 +1 16
+4 +1 16
+5 +1 16
+5 +1 16
+6 +1 16
+5 +1 16
+4 +1 16
+4 +1 16
0x1007fed -35 96
+4 +1 96
+4 +1 96
+4 +1 96
+6 +1 96
+4 +1 96
+4 +1 96
+5 +1 96
+5 +1 96
+6 +1 96
+5 +1 96
+4 +1 96
+4 +1 96
+4 +1 96
+6 +1 96
+4 +1 96
+4 +1 96
+5 +1 96
+5 +1 96
+6 +1 96
+5 +1 96
+5 +1 96
+5 +1 96
+5 +1 96
+4 +1 96
+4 +1 96
+4 +1 96
+6 +1 96
+4 +1 96
+4 +1 96
+5 +1 96
+5 +1 96
+6 +1 96
+5 +1 96
+4 +1 96
+4 +1 96
+4 +1 96
+6 +1 96
+4 +1 96
+4 +1 96
+5 +1 96
+5 +1 96
+6 +1 96
+5 +1 96
+5 +1 96
+5 +1 96
+5 +1 96
+2 +1 96
-52 -11 16
+6 +1 16
+4 +1 16
+4 +1 16
+5 +1 16
+5 +1 16
+6 +1 16
+5 +1 16
+5 +1 16
+5 +1 16
+5 +1 16
+2 +1 16
+2 +1 96
+5 +1 96
+5 +1 96
+6 +1 96
+6 +1 96
+5 +1 96
+5 +1 96
+7 +1 96
+5 +1 96
+5 +1 96
+7 +1 96
+6 +1 96
+4 +1 96
+4 +1 96
+5 +1 96
+5 +1 96
+5 +1 96
+5 +2 16
+4 +1 16
+4 +1 16
+3 +1 16
+4 +1 16
fe=(2)
0x100d060 171 16
+1 * 16
+3 * 16
+2 * 16
+2 * 16
+1 * 16
+3 -53 16
+7 +1 16
+7 * 16
0x100d10f +64 16
+4 * 16
+4 -1 16
+4 * 16
+19 +1 16
+1 * 16
+2 * 16
+2 * 16
+1 * 16

totals: 8914347942
